377,17.0,-38.4,747.9,59.2,171.5,-1,-1,-1,-1
377,16.0,1296.0,645.3,68.9,218.7,-1,-1,-1,-1
377,15.0,1761.7,605.1,54.0,136.0,-1,-1,-1,-1
377,14.0,1495.8,575.1,29.7,90.5,-1,-1,-1,-1
377,13.0,1375.0,542.0,22.3,62.8,-1,-1,-1,-1
377,12.0,1356.8,541.7,23.0,64.1,-1,-1,-1,-1
377,11.0,1416.2,583.9,37.8,98.6,-1,-1,-1,-1
377,10.0,1578.2,567.7,35.1,100.6,-1,-1,-1,-1
377,9.0,1529.6,568.0,35.1,95.9,-1,-1,-1,-1
377,8.0,1709.1,607.5,48.6,147.2,-1,-1,-1,-1
377,7.0,1512.0,572.4,37.8,97.9,-1,-1,-1,-1
377,6.0,1456.7,579.2,37.8,93.8,-1,-1,-1,-1
377,5.0,1560.6,573.7,35.1,99.2,-1,-1,-1,-1
377,4.0,1377.0,574.8,45.9,104.0,-1,-1,-1,-1
377,3.0,1347.3,653.4,81.0,228.2,-1,-1,-1,-1
377,2.0,1549.8,692.6,105.3,232.2,-1,-1,-1,-1
377,1.0,1455.3,726.3,83.7,247.0,-1,-1,-1,-1
378,19.0,1278.5,547.4,24.3,58.7,-1,-1,-1,-1
378,18.0,1722.6,591.6,54.0,151.5,-1,-1,-1,-1
378,16.0,1294.7,644.0,67.5,218.7,-1,-1,-1,-1
378,14.0,1495.8,575.1,29.7,91.8,-1,-1,-1,-1
378,13.0,1374.3,540.7,21.6,63.5,-1,-1,-1,-1
378,12.0,1355.4,539.7,23.0,65.5,-1,-1,-1,-1
378,11.0,1413.5,583.2,37.8,99.2,-1,-1,-1,-1
378,10.0,1576.8,566.3,37.8,102.6,-1,-1,-1,-1
378,9.0,1529.6,567.3,35.1,96.5,-1,-1,-1,-1
378,8.0,1710.5,606.8,48.6,149.9,-1,-1,-1,-1
378,7.0,1512.0,571.4,37.8,99.2,-1,-1,-1,-1
378,6.0,1454.0,578.5,40.5,93.8,-1,-1,-1,-1
378,5.0,1559.2,573.1,37.8,101.2,-1,-1,-1,-1
378,4.0,1376.3,574.8,43.9,102.6,-1,-1,-1,-1
378,3.0,1339.2,653.1,89.1,231.2,-1,-1,-1,-1
378,2.0,1545.8,693.2,99.9,236.2,-1,-1,-1,-1
378,1.0,1454.0,726.3,86.4,255.1,-1,-1,-1,-1
379,18.0,1719.9,606.5,48.6,144.8,-1,-1,-1,-1
379,16.0,1287.2,642.9,72.9,218.4,-1,-1,-1,-1
379,15.0,1767.2,606.8,45.9,133.7,-1,-1,-1,-1
379,14.0,1494.5,573.1,29.7,93.8,-1,-1,-1,-1
379,13.0,1373.0,537.6,21.6,64.8,-1,-1,-1,-1
379,12.0,1356.1,539.3,21.6,63.5,-1,-1,-1,-1
379,11.0,1410.8,582.2,35.1,97.2,-1,-1,-1,-1
379,10.0,1575.5,564.6,37.8,104.6,-1,-1,-1,-1
379,9.0,1529.6,566.0,35.1,97.9,-1,-1,-1,-1
379,8.0,1711.8,605.8,48.6,150.2,-1,-1,-1,-1
379,7.0,1510.7,571.1,37.8,98.5,-1,-1,-1,-1
379,6.0,1454.0,576.8,40.5,96.5,-1,-1,-1,-1
379,5.0,1559.2,571.4,37.8,103.3,-1,-1,-1,-1
379,4.0,1374.3,572.4,45.9,104.0,-1,-1,-1,-1
379,3.0,1333.8,652.1,89.1,232.2,-1,-1,-1,-1
379,2.0,1541.7,690.2,94.5,240.0,-1,-1,-1,-1
379,1.0,1452.6,727.0,86.4,260.5,-1,-1,-1,-1
380,16.0,1285.2,643.6,68.8,218.4,-1,-1,-1,-1
380,14.0,1493.1,571.1,29.7,94.5,-1,-1,-1,-1
380,13.0,1370.9,536.6,22.3,64.8,-1,-1,-1,-1
380,12.0,1353.4,537.3,23.0,63.5,-1,-1,-1,-1
380,11.0,1408.1,579.8,35.1,97.9,-1,-1,-1,-1
380,10.0,1576.8,564.0,35.1,103.3,-1,-1,-1,-1
380,9.0,1528.2,564.6,37.8,99.2,-1,-1,-1,-1
380,8.0,1711.8,609.5,45.9,141.8,-1,-1,-1,-1
380,7.0,1509.3,568.4,37.8,101.2,-1,-1,-1,-1
380,6.0,1451.2,574.4,40.5,95.8,-1,-1,-1,-1
380,5.0,1559.2,570.0,37.8,103.3,-1,-1,-1,-1
380,4.0,1371.6,569.4,45.9,105.3,-1,-1,-1,-1
380,3.0,1329.1,649.4,85.7,233.5,-1,-1,-1,-1
380,2.0,1535.0,690.2,83.7,244.0,-1,-1,-1,-1
380,1.0,1451.2,726.3,89.1,264.6,-1,-1,-1,-1
381,18.0,1729.4,607.8,45.9,142.1,-1,-1,-1,-1
381,16.0,1278.5,643.3,71.5,220.0,-1,-1,-1,-1
381,15.0,1778.0,596.4,43.2,141.4,-1,-1,-1,-1
381,14.0,1491.8,570.4,29.7,93.2,-1,-1,-1,-1
381,13.0,1367.6,533.6,22.9,65.5,-1,-1,-1,-1
381,12.0,1351.4,534.3,22.9,66.2,-1,-1,-1,-1
381,11.0,1406.7,578.8,35.1,93.8,-1,-1,-1,-1
381,10.0,1575.5,561.9,35.1,106.0,-1,-1,-1,-1
381,9.0,1526.9,562.6,37.8,100.6,-1,-1,-1,-1
381,8.0,1713.2,609.5,48.6,143.1,-1,-1,-1,-1
381,7.0,1508.0,566.0,37.8,100.6,-1,-1,-1,-1
381,6.0,1449.9,572.1,40.5,93.8,-1,-1,-1,-1
381,5.0,1557.9,569.0,35.1,103.3,-1,-1,-1,-1
381,4.0,1375.0,566.7,42.5,106.0,-1,-1,-1,-1
381,3.0,1324.4,649.0,83.7,235.2,-1,-1,-1,-1
381,2.0,1530.9,690.5,75.6,247.0,-1,-1,-1,-1
381,1.0,1449.9,727.7,86.4,270.0,-1,-1,-1,-1
382,18.0,1729.4,604.8,48.6,147.8,-1,-1,-1,-1
382,16.0,1269.0,645.3,81.0,218.7,-1,-1,-1,-1
382,15.0,1778.0,596.4,43.2,144.1,-1,-1,-1,-1
382,14.0,1490.4,570.4,29.7,93.8,-1,-1,-1,-1
382,13.0,1365.5,532.6,22.3,67.5,-1,-1,-1,-1
382,12.0,1348.7,534.3,24.3,68.2,-1,-1,-1,-1
382,11.0,1402.7,576.1,37.8,96.5,-1,-1,-1,-1
382,10.0,1574.1,560.6,35.1,105.3,-1,-1,-1,-1
382,9.0,1524.2,561.6,37.8,102.6,-1,-1,-1,-1
382,8.0,1711.8,609.2,45.9,137.4,-1,-1,-1,-1
382,7.0,1506.6,565.7,37.8,101.9,-1,-1,-1,-1
382,6.0,1444.5,571.7,43.2,97.2,-1,-1,-1,-1
382,5.0,1555.2,567.3,37.8,104.6,-1,-1,-1,-1
382,4.0,1371.6,566.0,43.2,106.0,-1,-1,-1,-1
382,3.0,1321.0,648.3,79.0,236.6,-1,-1,-1,-1
382,2.0,1522.8,693.9,81.0,248.4,-1,-1,-1,-1
382,1.0,1447.2,733.1,89.1,268.6,-1,-1,-1,-1
383,20.0,1537.7,677.7,75.6,237.6,-1,-1,-1,-1
383,18.0,1729.4,605.1,56.7,150.9,-1,-1,-1,-1
383,16.0,1260.9,644.0,85.1,217.4,-1,-1,-1,-1
383,15.0,1776.6,596.4,43.2,144.8,-1,-1,-1,-1
383,14.0,1487.7,566.7,29.7,93.8,-1,-1,-1,-1
383,13.0,1362.8,529.9,22.3,67.5,-1,-1,-1,-1
383,12.0,1346.0,531.6,24.3,70.2,-1,-1,-1,-1
383,11.0,1397.2,571.4,37.8,100.6,-1,-1,-1,-1
383,10.0,1571.4,558.9,35.1,106.7,-1,-1,-1,-1
383,9.0,1522.8,560.2,37.8,101.9,-1,-1,-1,-1
383,8.0,1717.2,600.1,51.3,137.0,-1,-1,-1,-1
383,7.0,1506.6,564.0,37.8,102.6,-1,-1,-1,-1
383,6.0,1437.8,566.7,45.9,103.3,-1,-1,-1,-1
383,5.0,1553.9,567.7,37.8,103.3,-1,-1,-1,-1
383,4.0,1369.6,564.6,42.5,105.3,-1,-1,-1,-1
383,3.0,1319.0,647.3,60.8,220.0,-1,-1,-1,-1
383,2.0,1517.4,695.9,83.7,248.4,-1,-1,-1,-1
383,1.0,1443.2,733.7,91.8,272.7,-1,-1,-1,-1
384,20.0,1535.0,677.4,75.6,244.0,-1,-1,-1,-1
384,18.0,1730.7,605.5,62.1,155.2,-1,-1,-1,-1
384,16.0,1254.2,644.6,81.0,217.4,-1,-1,-1,-1
384,15.0,1778.0,595.7,45.9,148.2,-1,-1,-1,-1
384,14.0,1485.0,566.0,29.7,94.5,-1,-1,-1,-1
384,13.0,1360.1,529.2,22.3,66.2,-1,-1,-1,-1
384,12.0,1344.6,531.2,24.3,68.2,-1,-1,-1,-1
384,11.0,1395.9,569.4,37.8,102.6,-1,-1,-1,-1
384,10.0,1568.7,556.9,37.8,106.0,-1,-1,-1,-1
384,9.0,1521.5,559.6,37.8,101.9,-1,-1,-1,-1
384,8.0,1722.6,584.2,56.7,154.9,-1,-1,-1,-1
384,7.0,1503.9,563.3,37.8,101.9,-1,-1,-1,-1
384,6.0,1437.8,569.0,43.2,99.2,-1,-1,-1,-1
384,5.0,1552.5,565.3,37.8,106.7,-1,-1,-1,-1
384,4.0,1368.2,563.0,41.2,106.7,-1,-1,-1,-1
384,3.0,1313.6,647.3,59.4,209.2,-1,-1,-1,-1
384,2.0,1499.9,698.0,102.6,249.8,-1,-1,-1,-1
384,1.0,1439.1,735.8,94.5,276.8,-1,-1,-1,-1
385,20.0,1529.6,677.7,81.0,243.0,-1,-1,-1,-1
385,19.0,1263.6,537.0,22.9,60.1,-1,-1,-1,-1
385,18.0,1733.4,606.5,54.0,154.2,-1,-1,-1,-1
385,16.0,1248.1,646.3,83.7,218.4,-1,-1,-1,-1
385,15.0,1780.7,597.4,45.9,148.5,-1,-1,-1,-1
385,14.0,1483.7,566.0,29.7,96.5,-1,-1,-1,-1
385,13.0,1358.8,528.9,21.6,67.5,-1,-1,-1,-1
385,11.0,1390.5,568.7,40.5,104.6,-1,-1,-1,-1
385,10.0,1566.0,556.5,37.8,110.7,-1,-1,-1,-1
385,9.0,1520.1,559.2,37.8,101.9,-1,-1,-1,-1
385,8.0,1730.7,584.9,51.3,154.9,-1,-1,-1,-1
385,7.0,1502.6,563.3,35.1,101.9,-1,-1,-1,-1
385,6.0,1436.4,570.0,43.2,99.2,-1,-1,-1,-1
385,5.0,1549.8,565.0,37.8,106.6,-1,-1,-1,-1
385,4.0,1364.2,563.0,41.2,106.0,-1,-1,-1,-1
385,3.0,1307.5,647.7,59.4,216.3,-1,-1,-1,-1
385,2.0,1487.7,702.0,113.4,248.4,-1,-1,-1,-1
385,1.0,1436.4,739.1,91.8,279.5,-1,-1,-1,-1
386,20.0,1521.5,684.1,89.1,240.6,-1,-1,-1,-1
386,19.0,1260.9,536.0,21.6,60.8,-1,-1,-1,-1
386,18.0,1734.8,606.5,54.0,156.3,-1,-1,-1,-1
386,16.0,1242.7,646.3,83.7,221.7,-1,-1,-1,-1
386,15.0,1780.7,599.7,54.0,152.2,-1,-1,-1,-1
386,14.0,1481.0,565.3,32.4,99.2,-1,-1,-1,-1
386,13.0,1355.4,528.2,23.0,68.9,-1,-1,-1,-1
386,11.0,1386.5,568.4,40.5,107.3,-1,-1,-1,-1
386,10.0,1564.7,557.5,37.8,109.4,-1,-1,-1,-1
386,9.0,1517.4,559.6,37.8,103.3,-1,-1,-1,-1
386,8.0,1733.4,586.6,51.3,153.9,-1,-1,-1,-1
386,7.0,1498.5,563.3,37.8,104.6,-1,-1,-1,-1
386,6.0,1431.0,568.4,45.9,104.0,-1,-1,-1,-1
386,5.0,1548.5,566.0,37.8,104.6,-1,-1,-1,-1
386,4.0,1362.2,564.3,40.5,103.3,-1,-1,-1,-1
386,3.0,1298.7,649.0,62.1,215.0,-1,-1,-1,-1
386,2.0,1486.4,702.7,113.4,253.8,-1,-1,-1,-1
386,1.0,1429.7,743.2,94.5,279.5,-1,-1,-1,-1
387,20.0,1512.0,680.4,97.2,244.3,-1,-1,-1,-1
387,19.0,1258.9,537.3,21.6,57.4,-1,-1,-1,-1
387,18.0,1736.1,602.8,51.3,151.2,-1,-1,-1,-1
387,16.0,1238.0,643.6,83.7,225.8,-1,-1,-1,-1
387,15.0,1782.0,595.4,51.3,149.8,-1,-1,-1,-1
387,14.0,1481.0,563.0,29.7,97.2,-1,-1,-1,-1
387,13.0,1351.4,526.2,22.9,66.8,-1,-1,-1,-1
387,11.0,1379.7,567.7,43.2,108.7,-1,-1,-1,-1
387,10.0,1562.0,554.9,37.8,109.3,-1,-1,-1,-1
387,9.0,1514.7,556.9,37.8,101.9,-1,-1,-1,-1
387,8.0,1740.2,583.2,45.9,147.8,-1,-1,-1,-1
387,7.0,1497.2,560.9,37.8,102.6,-1,-1,-1,-1
387,6.0,1427.0,566.7,45.9,102.6,-1,-1,-1,-1
387,5.0,1547.1,563.6,37.8,106.0,-1,-1,-1,-1
387,4.0,1358.8,560.9,39.8,105.3,-1,-1,-1,-1
387,3.0,1291.3,646.3,63.5,217.0,-1,-1,-1,-1
387,2.0,1483.7,703.4,116.1,252.5,-1,-1,-1,-1
387,1.0,1427.0,741.8,94.5,282.2,-1,-1,-1,-1
388,20.0,1497.2,680.4,108.0,252.5,-1,-1,-1,-1
388,19.0,1254.8,537.0,21.6,57.4,-1,-1,-1,-1
388,18.0,1736.1,603.1,51.3,154.2,-1,-1,-1,-1
388,16.0,1230.5,645.3,87.8,229.5,-1,-1,-1,-1
388,15.0,1783.4,599.1,48.6,151.5,-1,-1,-1,-1
388,14.0,1476.9,564.6,29.7,95.9,-1,-1,-1,-1
388,13.0,1348.0,526.5,22.9,68.9,-1,-1,-1,-1
388,11.0,1378.4,565.3,40.5,110.0,-1,-1,-1,-1
388,10.0,1557.9,555.9,37.8,110.0,-1,-1,-1,-1
388,9.0,1513.4,558.9,37.8,103.3,-1,-1,-1,-1
388,8.0,1740.2,584.6,48.6,149.2,-1,-1,-1,-1
388,7.0,1494.5,561.6,37.8,104.0,-1,-1,-1,-1
388,6.0,1424.2,568.0,45.9,101.2,-1,-1,-1,-1
388,5.0,1543.1,565.3,37.8,106.0,-1,-1,-1,-1
388,4.0,1354.7,562.6,41.2,103.9,-1,-1,-1,-1
388,3.0,1276.4,648.3,71.6,240.0,-1,-1,-1,-1
388,2.0,1476.9,706.1,116.1,257.8,-1,-1,-1,-1
388,1.0,1417.5,745.9,99.9,288.9,-1,-1,-1,-1
389,20.0,1487.7,684.5,116.1,253.8,-1,-1,-1,-1
389,18.0,1736.1,603.5,54.0,157.3,-1,-1,-1,-1
389,16.0,1224.5,645.0,79.7,229.8,-1,-1,-1,-1
389,15.0,1788.8,604.1,54.0,148.5,-1,-1,-1,-1
389,14.0,1474.2,565.7,29.7,99.2,-1,-1,-1,-1
389,13.0,1343.9,527.9,22.9,67.5,-1,-1,-1,-1
389,11.0,1373.0,567.7,43.2,111.4,-1,-1,-1,-1
389,10.0,1555.2,556.5,37.8,108.7,-1,-1,-1,-1
389,9.0,1509.3,559.2,37.8,101.9,-1,-1,-1,-1
389,8.0,1740.2,585.9,48.6,149.2,-1,-1,-1,-1
389,7.0,1491.8,563.3,37.8,101.9,-1,-1,-1,-1
389,6.0,1420.2,567.7,45.9,105.3,-1,-1,-1,-1
389,5.0,1540.4,565.3,37.8,105.3,-1,-1,-1,-1
389,4.0,1350.7,563.0,39.8,103.3,-1,-1,-1,-1
389,3.0,1262.2,649.7,78.3,242.7,-1,-1,-1,-1
389,2.0,1470.2,705.4,116.1,261.9,-1,-1,-1,-1
389,1.0,1413.5,747.9,99.9,290.2,-1,-1,-1,-1
390,20.0,1482.3,681.8,118.8,259.2,-1,-1,-1,-1
390,18.0,1736.1,602.8,54.0,159.3,-1,-1,-1,-1
390,16.0,1220.4,644.6,77.0,233.6,-1,-1,-1,-1
390,15.0,1788.8,606.5,59.4,142.8,-1,-1,-1,-1
390,14.0,1471.5,564.3,29.7,99.9,-1,-1,-1,-1
390,13.0,1339.2,525.2,22.9,70.2,-1,-1,-1,-1
390,12.0,1322.3,526.8,24.3,68.2,-1,-1,-1,-1
390,11.0,1369.6,567.0,39.8,110.0,-1,-1,-1,-1
390,10.0,1552.5,557.2,37.8,106.7,-1,-1,-1,-1
390,9.0,1505.2,558.2,37.8,102.6,-1,-1,-1,-1
390,8.0,1741.5,584.9,48.6,142.1,-1,-1,-1,-1
390,7.0,1486.4,560.9,37.8,104.6,-1,-1,-1,-1
390,6.0,1418.9,566.0,43.2,103.9,-1,-1,-1,-1
390,5.0,1537.7,565.0,37.8,105.3,-1,-1,-1,-1
390,4.0,1346.6,561.6,39.8,105.3,-1,-1,-1,-1
390,3.0,1253.5,652.1,82.3,244.3,-1,-1,-1,-1
390,2.0,1464.8,708.8,105.3,266.0,-1,-1,-1,-1
390,1.0,1406.7,750.6,105.3,295.6,-1,-1,-1,-1
391,20.0,1476.9,689.5,118.8,254.1,-1,-1,-1,-1
391,18.0,1736.1,609.9,54.0,161.0,-1,-1,-1,-1
391,16.0,1212.3,646.7,75.6,234.9,-1,-1,-1,-1
391,15.0,1787.4,602.8,59.4,153.2,-1,-1,-1,-1
391,14.0,1466.1,567.0,29.7,97.2,-1,-1,-1,-1
391,13.0,1335.2,527.5,23.0,68.2,-1,-1,-1,-1
391,11.0,1362.8,573.1,41.2,110.7,-1,-1,-1,-1
391,10.0,1548.5,559.2,37.8,110.7,-1,-1,-1,-1
391,9.0,1499.9,560.9,40.5,103.9,-1,-1,-1,-1
391,8.0,1741.5,592.7,45.9,141.8,-1,-1,-1,-1
391,7.0,1483.7,564.3,37.8,103.9,-1,-1,-1,-1
391,6.0,1413.5,568.7,45.9,103.3,-1,-1,-1,-1
391,5.0,1532.2,567.7,37.8,108.0,-1,-1,-1,-1
391,4.0,1341.9,562.6,40.5,105.3,-1,-1,-1,-1
391,3.0,1244.0,654.1,83.7,248.4,-1,-1,-1,-1
391,2.0,1455.3,713.5,102.6,267.3,-1,-1,-1,-1
391,1.0,1398.6,754.7,105.3,299.7,-1,-1,-1,-1
392,20.0,1468.8,691.2,118.8,256.5,-1,-1,-1,-1
392,18.0,1734.8,607.2,56.7,163.7,-1,-1,-1,-1
392,16.0,1204.2,647.0,74.2,235.2,-1,-1,-1,-1
392,15.0,1786.1,599.4,56.7,155.9,-1,-1,-1,-1
392,14.0,1463.4,565.7,29.7,97.2,-1,-1,-1,-1
392,13.0,1329.8,525.5,23.0,71.6,-1,-1,-1,-1
392,11.0,1356.1,569.7,41.2,110.7,-1,-1,-1,-1
392,10.0,1544.4,558.2,37.8,108.7,-1,-1,-1,-1
392,9.0,1495.8,559.9,37.8,102.6,-1,-1,-1,-1
392,8.0,1741.5,588.6,45.9,150.5,-1,-1,-1,-1
392,7.0,1476.9,562.6,37.8,105.3,-1,-1,-1,-1
392,6.0,1409.4,568.0,43.2,99.9,-1,-1,-1,-1
392,5.0,1526.9,565.7,37.8,106.0,-1,-1,-1,-1
392,4.0,1336.5,560.2,40.5,108.0,-1,-1,-1,-1
392,3.0,1239.3,657.8,81.0,248.1,-1,-1,-1,-1
392,2.0,1449.9,712.8,83.7,271.3,-1,-1,-1,-1
392,1.0,1394.6,756.0,108.0,302.4,-1,-1,-1,-1
393,20.0,1456.7,695.2,116.1,257.9,-1,-1,-1,-1
393,18.0,1734.8,610.5,56.7,161.7,-1,-1,-1,-1
393,16.0,1195.4,646.7,70.2,239.0,-1,-1,-1,-1
393,15.0,1786.1,606.8,48.6,149.2,-1,-1,-1,-1
393,14.0,1456.7,566.0,29.7,97.9,-1,-1,-1,-1
393,13.0,1323.0,525.8,23.0,69.5,-1,-1,-1,-1
393,11.0,1350.0,568.7,40.5,114.1,-1,-1,-1,-1
393,10.0,1536.3,558.2,37.8,112.7,-1,-1,-1,-1
393,9.0,1490.4,559.6,40.5,104.6,-1,-1,-1,-1
393,8.0,1736.1,591.6,48.6,153.6,-1,-1,-1,-1
393,7.0,1472.9,563.6,37.8,105.3,-1,-1,-1,-1
393,6.0,1401.3,567.7,45.9,103.9,-1,-1,-1,-1
393,5.0,1522.8,567.0,37.8,108.7,-1,-1,-1,-1
393,4.0,1327.1,560.6,44.6,107.3,-1,-1,-1,-1
393,3.0,1230.5,656.8,79.7,252.5,-1,-1,-1,-1
393,2.0,1432.4,715.5,86.4,272.7,-1,-1,-1,-1
393,1.0,1389.2,758.0,102.6,307.8,-1,-1,-1,-1
394,20.0,1447.2,695.2,113.4,271.4,-1,-1,-1,-1
394,18.0,1733.4,611.9,54.0,159.6,-1,-1,-1,-1
394,16.0,1186.0,648.3,70.2,238.6,-1,-1,-1,-1
394,15.0,1786.1,612.2,45.9,145.1,-1,-1,-1,-1
394,14.0,1449.9,566.3,32.4,97.2,-1,-1,-1,-1
394,13.0,1317.6,526.8,22.9,70.9,-1,-1,-1,-1
394,11.0,1340.6,567.3,44.6,114.8,-1,-1,-1,-1
394,10.0,1533.6,557.5,37.8,110.0,-1,-1,-1,-1
394,9.0,1485.0,560.2,37.8,103.3,-1,-1,-1,-1
394,8.0,1734.8,597.7,45.9,150.9,-1,-1,-1,-1
394,7.0,1464.8,563.0,37.8,106.0,-1,-1,-1,-1
394,6.0,1395.9,567.7,45.9,103.9,-1,-1,-1,-1
394,5.0,1517.4,565.0,37.8,110.0,-1,-1,-1,-1
394,4.0,1320.3,560.2,44.6,109.4,-1,-1,-1,-1
394,3.0,1221.8,658.8,79.7,253.8,-1,-1,-1,-1
394,2.0,1424.2,717.5,86.4,276.8,-1,-1,-1,-1
394,1.0,1383.8,758.0,108.0,314.6,-1,-1,-1,-1
395,20.0,1433.7,700.7,105.3,264.6,-1,-1,-1,-1
395,18.0,1729.4,614.2,62.1,162.0,-1,-1,-1,-1
395,16.0,1173.8,648.7,71.5,243.0,-1,-1,-1,-1
395,15.0,1786.1,608.5,48.6,150.9,-1,-1,-1,-1
395,14.0,1444.5,566.7,29.7,95.2,-1,-1,-1,-1
395,13.0,1310.2,526.5,24.3,72.2,-1,-1,-1,-1
395,11.0,1331.8,568.4,47.2,114.1,-1,-1,-1,-1
395,10.0,1526.9,558.6,37.8,109.4,-1,-1,-1,-1
395,9.0,1478.2,560.2,40.5,104.0,-1,-1,-1,-1
395,8.0,1736.1,595.4,43.2,141.1,-1,-1,-1,-1
395,7.0,1459.4,563.6,37.8,105.3,-1,-1,-1,-1
395,6.0,1387.8,567.3,48.6,105.3,-1,-1,-1,-1
395,5.0,1510.7,567.3,37.8,108.0,-1,-1,-1,-1
395,4.0,1314.9,560.9,43.2,106.6,-1,-1,-1,-1
395,3.0,1212.3,657.8,76.9,256.8,-1,-1,-1,-1
395,2.0,1413.5,721.6,89.1,276.8,-1,-1,-1,-1
395,1.0,1378.4,762.1,102.6,317.3,-1,-1,-1,-1
396,20.0,1424.2,698.0,97.2,264.6,-1,-1,-1,-1
396,18.0,1726.7,612.9,62.1,163.3,-1,-1,-1,-1
396,16.0,1163.7,647.7,72.9,246.0,-1,-1,-1,-1
396,15.0,1782.0,610.2,51.3,156.6,-1,-1,-1,-1
396,14.0,1439.1,565.7,32.4,97.9,-1,-1,-1,-1
396,13.0,1304.1,525.8,22.9,70.9,-1,-1,-1,-1
396,11.0,1326.4,566.0,43.2,116.8,-1,-1,-1,-1
396,10.0,1517.4,557.9,40.5,112.7,-1,-1,-1,-1
396,9.0,1471.5,559.2,40.5,103.9,-1,-1,-1,-1
396,8.0,1722.6,615.6,51.3,155.2,-1,-1,-1,-1
396,7.0,1452.6,563.0,37.8,105.3,-1,-1,-1,-1
396,6.0,1379.7,567.0,48.6,106.0,-1,-1,-1,-1
396,5.0,1503.9,565.0,37.8,110.0,-1,-1,-1,-1
396,4.0,1306.8,559.2,44.6,108.0,-1,-1,-1,-1
396,3.0,1202.9,656.1,71.5,261.9,-1,-1,-1,-1
396,2.0,1402.7,722.2,86.4,279.5,-1,-1,-1,-1
396,1.0,1366.9,762.8,107.3,318.6,-1,-1,-1,-1
397,20.0,1413.5,700.0,91.8,268.7,-1,-1,-1,-1
397,18.0,1721.2,614.9,86.4,166.0,-1,-1,-1,-1
397,16.0,1152.9,650.0,67.5,249.8,-1,-1,-1,-1
397,15.0,1773.9,607.8,48.6,150.9,-1,-1,-1,-1
397,14.0,1431.0,565.3,32.4,99.9,-1,-1,-1,-1
397,13.0,1296.7,524.8,22.9,72.2,-1,-1,-1,-1
397,11.0,1318.3,567.7,44.6,114.8,-1,-1,-1,-1
397,10.0,1510.7,557.2,40.5,110.0,-1,-1,-1,-1
397,9.0,1464.8,558.9,40.5,104.0,-1,-1,-1,-1
397,8.0,1722.6,597.4,56.7,159.3,-1,-1,-1,-1
397,7.0,1447.2,564.3,35.1,104.6,-1,-1,-1,-1
397,6.0,1373.6,566.7,47.9,106.0,-1,-1,-1,-1
397,5.0,1495.8,565.0,40.5,109.3,-1,-1,-1,-1
397,4.0,1300.7,558.9,43.2,110.0,-1,-1,-1,-1
397,3.0,1194.1,659.5,70.2,261.9,-1,-1,-1,-1
397,2.0,1358.8,733.1,123.5,272.7,-1,-1,-1,-1
397,1.0,1357.4,764.1,108.7,328.0,-1,-1,-1,-1
398,20.0,1401.3,700.7,81.0,271.4,-1,-1,-1,-1
398,18.0,1718.6,616.3,70.2,164.7,-1,-1,-1,-1
398,16.0,1140.1,654.1,71.5,247.0,-1,-1,-1,-1
398,15.0,1773.9,607.5,48.6,155.2,-1,-1,-1,-1
398,14.0,1422.9,565.0,32.4,98.5,-1,-1,-1,-1
398,13.0,1289.2,524.1,23.0,72.2,-1,-1,-1,-1
398,11.0,1308.2,568.0,45.9,113.4,-1,-1,-1,-1
398,10.0,1503.9,556.5,40.5,112.7,-1,-1,-1,-1
398,9.0,1458.0,558.9,40.5,106.7,-1,-1,-1,-1
398,8.0,1719.9,596.4,54.0,160.3,-1,-1,-1,-1
398,7.0,1439.1,562.6,37.8,106.6,-1,-1,-1,-1
398,6.0,1364.2,565.0,49.3,109.3,-1,-1,-1,-1
398,5.0,1490.4,566.3,37.8,109.4,-1,-1,-1,-1
398,4.0,1296.7,559.2,41.8,108.7,-1,-1,-1,-1
398,3.0,1181.2,658.5,72.9,264.9,-1,-1,-1,-1
398,2.0,1339.9,726.3,134.3,283.5,-1,-1,-1,-1
398,1.0,1350.7,764.1,110.0,337.5,-1,-1,-1,-1
399,20.0,1386.5,700.0,86.4,284.8,-1,-1,-1,-1
399,18.0,1717.2,615.6,81.0,167.4,-1,-1,-1,-1
399,16.0,1121.9,653.4,76.9,249.8,-1,-1,-1,-1
399,15.0,1773.9,604.5,59.4,158.3,-1,-1,-1,-1
399,14.0,1417.5,564.3,32.4,100.6,-1,-1,-1,-1
399,13.0,1281.8,524.8,22.9,70.2,-1,-1,-1,-1
399,11.0,1300.1,565.3,44.6,114.8,-1,-1,-1,-1
399,10.0,1497.2,554.9,40.5,114.1,-1,-1,-1,-1
399,9.0,1451.2,558.6,37.8,105.3,-1,-1,-1,-1
399,8.0,1726.7,595.4,45.9,166.7,-1,-1,-1,-1
399,7.0,1431.0,561.9,37.8,107.3,-1,-1,-1,-1
399,6.0,1356.8,566.0,47.2,108.0,-1,-1,-1,-1
399,5.0,1482.3,564.0,40.5,111.4,-1,-1,-1,-1
399,4.0,1290.6,557.5,41.8,108.7,-1,-1,-1,-1
399,3.0,1170.5,656.8,74.2,271.3,-1,-1,-1,-1
399,2.0,1325.0,727.7,141.1,288.9,-1,-1,-1,-1
399,1.0,1340.6,769.5,110.7,330.8,-1,-1,-1,-1
400,20.0,1375.7,704.7,83.7,290.2,-1,-1,-1,-1
400,18.0,1725.3,614.6,62.1,168.4,-1,-1,-1,-1
400,16.0,1102.3,654.1,94.5,255.2,-1,-1,-1,-1
400,15.0,1769.9,606.2,56.7,160.7,-1,-1,-1,-1
400,14.0,1409.4,564.3,32.4,101.9,-1,-1,-1,-1
400,13.0,1273.7,524.1,22.9,72.9,-1,-1,-1,-1
400,11.0,1292.0,565.0,43.2,114.8,-1,-1,-1,-1
400,10.0,1489.1,555.5,40.5,112.0,-1,-1,-1,-1
400,9.0,1443.2,558.6,37.8,106.0,-1,-1,-1,-1
400,8.0,1722.6,593.7,45.9,152.9,-1,-1,-1,-1
400,7.0,1424.2,562.3,37.8,108.0,-1,-1,-1,-1
400,6.0,1350.0,566.7,45.9,107.3,-1,-1,-1,-1
400,5.0,1474.2,564.0,40.5,111.4,-1,-1,-1,-1
400,4.0,1281.2,556.2,44.6,112.0,-1,-1,-1,-1
400,3.0,1152.2,652.1,79.6,282.1,-1,-1,-1,-1
400,2.0,1320.3,731.7,129.6,288.9,-1,-1,-1,-1
400,1.0,1330.4,774.9,111.4,341.6,-1,-1,-1,-1
401,20.0,1358.1,708.1,89.1,293.0,-1,-1,-1,-1
401,18.0,1718.6,615.3,67.5,169.1,-1,-1,-1,-1
401,16.0,1082.0,654.1,108.0,259.2,-1,-1,-1,-1
401,15.0,1765.8,609.9,62.1,162.3,-1,-1,-1,-1
401,14.0,1400.0,564.3,32.4,96.5,-1,-1,-1,-1
401,11.0,1281.2,568.4,44.6,112.0,-1,-1,-1,-1
401,10.0,1481.0,556.9,40.5,111.4,-1,-1,-1,-1
401,9.0,1433.7,559.2,40.5,106.6,-1,-1,-1,-1
401,8.0,1715.9,596.0,48.6,159.3,-1,-1,-1,-1
401,7.0,1414.8,564.3,37.8,107.3,-1,-1,-1,-1
401,6.0,1339.2,565.7,47.2,110.7,-1,-1,-1,-1
401,5.0,1464.8,565.3,40.5,114.1,-1,-1,-1,-1
401,3.0,1140.1,654.8,82.3,284.9,-1,-1,-1,-1
401,2.0,1299.4,733.1,139.7,294.3,-1,-1,-1,-1
401,1.0,1321.0,776.9,114.1,337.5,-1,-1,-1,-1
402,20.0,1343.2,710.8,94.5,303.8,-1,-1,-1,-1
402,18.0,1717.2,615.3,59.4,170.4,-1,-1,-1,-1
402,16.0,1063.1,654.8,106.7,259.2,-1,-1,-1,-1
402,15.0,1761.8,608.9,67.5,160.0,-1,-1,-1,-1
402,14.0,1391.9,563.3,32.4,99.9,-1,-1,-1,-1
402,11.0,1269.7,567.0,45.9,112.1,-1,-1,-1,-1
402,10.0,1471.5,555.2,40.5,116.8,-1,-1,-1,-1
402,9.0,1425.6,558.2,40.5,107.3,-1,-1,-1,-1
402,7.0,1405.4,562.3,40.5,111.4,-1,-1,-1,-1
402,6.0,1329.1,563.0,49.9,114.1,-1,-1,-1,-1
402,5.0,1455.3,565.3,40.5,112.7,-1,-1,-1,-1
402,3.0,1124.6,658.8,78.3,280.8,-1,-1,-1,-1
402,2.0,1293.3,734.4,137.7,295.7,-1,-1,-1,-1
402,1.0,1306.8,777.6,120.2,336.1,-1,-1,-1,-1
403,20.0,1323.0,718.2,104.0,307.8,-1,-1,-1,-1
403,18.0,1713.2,613.9,56.7,172.5,-1,-1,-1,-1
403,16.0,1047.6,656.8,106.7,257.8,-1,-1,-1,-1
403,15.0,1757.7,607.8,72.9,161.0,-1,-1,-1,-1
403,14.0,1383.8,563.0,32.4,98.5,-1,-1,-1,-1
403,12.0,1247.4,524.5,23.0,69.5,-1,-1,-1,-1
403,11.0,1261.6,566.0,44.5,113.4,-1,-1,-1,-1
403,10.0,1463.4,554.9,40.5,114.8,-1,-1,-1,-1
403,9.0,1417.5,557.9,40.5,106.7,-1,-1,-1,-1
403,7.0,1395.9,561.6,37.8,108.0,-1,-1,-1,-1
403,6.0,1320.3,561.6,48.6,116.1,-1,-1,-1,-1
403,5.0,1447.2,562.6,40.5,114.1,-1,-1,-1,-1
403,3.0,1107.0,661.5,75.6,280.8,-1,-1,-1,-1
403,2.0,1283.9,735.8,137.7,303.8,-1,-1,-1,-1
403,1.0,1293.3,787.1,126.9,336.2,-1,-1,-1,-1
404,21.0,1697.0,592.0,51.3,169.4,-1,-1,-1,-1
404,20.0,1310.9,716.9,97.2,297.0,-1,-1,-1,-1
404,18.0,1710.5,616.6,56.7,173.1,-1,-1,-1,-1
404,16.0,1030.7,659.5,110.7,259.2,-1,-1,-1,-1
404,15.0,1749.6,610.9,75.6,162.0,-1,-1,-1,-1
404,14.0,1375.7,563.3,32.4,99.2,-1,-1,-1,-1
404,12.0,1239.3,525.8,22.9,68.9,-1,-1,-1,-1
404,11.0,1252.1,565.3,43.2,114.1,-1,-1,-1,-1
404,10.0,1456.7,556.2,37.8,113.4,-1,-1,-1,-1
404,9.0,1406.7,557.9,40.5,105.3,-1,-1,-1,-1
404,7.0,1386.5,562.3,37.8,110.7,-1,-1,-1,-1
404,6.0,1310.2,560.9,47.2,116.8,-1,-1,-1,-1
404,5.0,1437.8,564.3,40.5,112.7,-1,-1,-1,-1
404,3.0,1082.0,664.2,93.2,282.2,-1,-1,-1,-1
404,2.0,1265.6,739.1,133.0,306.5,-1,-1,-1,-1
404,1.0,1279.8,787.1,128.2,344.2,-1,-1,-1,-1
405,21.0,1690.2,591.3,54.0,170.1,-1,-1,-1,-1
405,20.0,1294.7,718.2,106.7,284.9,-1,-1,-1,-1
405,18.0,1699.7,613.6,59.4,179.5,-1,-1,-1,-1
405,16.0,1012.5,660.5,116.1,260.9,-1,-1,-1,-1
405,15.0,1741.5,610.5,81.0,161.0,-1,-1,-1,-1
405,14.0,1364.2,563.6,31.7,95.2,-1,-1,-1,-1
405,12.0,1229.2,526.5,22.9,68.2,-1,-1,-1,-1
405,11.0,1239.3,560.2,45.9,119.5,-1,-1,-1,-1
405,10.0,1447.2,555.9,37.8,112.7,-1,-1,-1,-1
405,9.0,1397.2,557.9,40.5,105.3,-1,-1,-1,-1
405,7.0,1377.7,562.6,37.1,107.3,-1,-1,-1,-1
405,6.0,1299.4,560.9,48.6,116.1,-1,-1,-1,-1
405,5.0,1428.3,564.3,40.5,111.4,-1,-1,-1,-1
405,3.0,1059.1,666.2,105.3,283.5,-1,-1,-1,-1
405,2.0,1254.2,743.9,133.7,305.1,-1,-1,-1,-1
405,1.0,1262.2,791.1,131.0,345.6,-1,-1,-1,-1
406,21.0,1683.5,589.3,54.0,172.8,-1,-1,-1,-1
406,20.0,1268.3,720.2,122.2,286.2,-1,-1,-1,-1
406,18.0,1697.0,614.2,56.7,179.6,-1,-1,-1,-1
406,16.0,999.0,660.2,117.5,263.2,-1,-1,-1,-1
406,15.0,1745.6,611.9,67.5,158.3,-1,-1,-1,-1
406,14.0,1355.4,561.9,32.4,100.6,-1,-1,-1,-1
406,12.0,1219.1,525.8,22.9,66.2,-1,-1,-1,-1
406,11.0,1228.5,564.3,44.6,114.8,-1,-1,-1,-1
406,10.0,1435.1,554.2,40.5,115.4,-1,-1,-1,-1
406,9.0,1386.5,556.2,40.5,106.0,-1,-1,-1,-1
406,7.0,1366.9,559.9,38.5,112.7,-1,-1,-1,-1
406,6.0,1288.6,560.9,47.2,114.1,-1,-1,-1,-1
406,5.0,1417.5,562.6,40.5,112.7,-1,-1,-1,-1
406,3.0,1037.5,666.6,108.0,285.9,-1,-1,-1,-1
406,2.0,1226.5,745.2,151.2,311.9,-1,-1,-1,-1
406,1.0,1248.1,793.8,132.3,346.9,-1,-1,-1,-1
407,21.0,1675.4,590.3,54.0,169.8,-1,-1,-1,-1
407,20.0,1248.1,721.6,124.2,287.6,-1,-1,-1,-1
407,18.0,1694.2,618.0,54.0,173.8,-1,-1,-1,-1
407,16.0,983.5,664.5,121.5,264.3,-1,-1,-1,-1
407,15.0,1736.1,620.0,70.2,154.9,-1,-1,-1,-1
407,14.0,1345.3,562.6,32.4,99.2,-1,-1,-1,-1
407,11.0,1214.3,564.0,47.2,116.8,-1,-1,-1,-1
407,10.0,1424.2,554.5,40.5,114.1,-1,-1,-1,-1
407,9.0,1377.0,557.2,40.5,109.3,-1,-1,-1,-1
407,7.0,1355.4,560.2,37.8,111.4,-1,-1,-1,-1
407,6.0,1277.1,562.3,48.6,113.4,-1,-1,-1,-1
407,5.0,1406.7,562.6,40.5,115.4,-1,-1,-1,-1
407,3.0,1013.9,669.6,113.4,287.5,-1,-1,-1,-1
407,2.0,1200.8,747.2,163.3,318.6,-1,-1,-1,-1
407,1.0,1231.2,797.2,136.3,351.0,-1,-1,-1,-1
408,21.0,1665.9,590.3,54.0,171.1,-1,-1,-1,-1
408,20.0,1226.5,722.2,130.9,293.0,-1,-1,-1,-1
408,19.0,1175.9,522.8,25.6,72.9,-1,-1,-1,-1
408,16.0,967.3,668.2,124.2,261.9,-1,-1,-1,-1
408,15.0,1740.2,606.8,56.7,165.4,-1,-1,-1,-1
408,14.0,1335.2,561.9,31.1,96.5,-1,-1,-1,-1
408,11.0,1200.2,563.6,48.6,116.1,-1,-1,-1,-1
408,10.0,1414.8,554.2,37.8,116.1,-1,-1,-1,-1
408,9.0,1366.2,558.2,40.5,106.6,-1,-1,-1,-1
408,7.0,1343.9,560.9,38.5,110.7,-1,-1,-1,-1
408,6.0,1266.3,562.3,47.2,112.7,-1,-1,-1,-1
408,5.0,1395.9,562.6,40.5,114.1,-1,-1,-1,-1
408,3.0,994.3,669.9,125.6,288.6,-1,-1,-1,-1
408,2.0,1158.3,751.3,182.2,317.2,-1,-1,-1,-1
408,1.0,1215.7,796.5,137.7,368.6,-1,-1,-1,-1
409,21.0,1659.2,590.6,56.7,187.7,-1,-1,-1,-1
409,20.0,1200.8,725.0,139.0,315.9,-1,-1,-1,-1
409,19.0,1165.7,522.8,27.0,72.9,-1,-1,-1,-1
409,16.0,950.4,670.6,114.8,264.3,-1,-1,-1,-1
409,15.0,1734.8,606.5,51.3,166.4,-1,-1,-1,-1
409,11.0,1188.0,562.6,48.6,116.8,-1,-1,-1,-1
409,10.0,1402.7,553.2,40.5,116.1,-1,-1,-1,-1
409,9.0,1355.4,557.5,40.5,109.4,-1,-1,-1,-1
409,7.0,1332.5,560.9,37.8,110.7,-1,-1,-1,-1
409,6.0,1254.2,561.9,45.9,110.7,-1,-1,-1,-1
409,5.0,1383.8,562.6,40.5,113.4,-1,-1,-1,-1
409,3.0,981.5,672.0,122.9,289.2,-1,-1,-1,-1
409,2.0,1138.1,754.7,163.3,313.2,-1,-1,-1,-1
409,1.0,1201.5,803.2,136.4,361.8,-1,-1,-1,-1
410,25.0,1664.6,622.4,56.7,180.9,-1,-1,-1,-1
410,21.0,1657.8,601.4,54.0,161.3,-1,-1,-1,-1
410,20.0,1179.9,724.3,137.7,318.6,-1,-1,-1,-1
410,19.0,1155.6,522.5,27.0,73.6,-1,-1,-1,-1
410,16.0,929.5,671.0,118.8,271.4,-1,-1,-1,-1
410,15.0,1726.7,606.8,51.3,168.1,-1,-1,-1,-1
410,12.0,1176.5,522.1,23.0,66.8,-1,-1,-1,-1
410,11.0,1175.2,562.3,48.6,118.1,-1,-1,-1,-1
410,10.0,1390.5,552.8,40.5,116.8,-1,-1,-1,-1
410,9.0,1343.2,557.2,40.5,110.0,-1,-1,-1,-1
410,7.0,1321.7,560.6,39.2,114.8,-1,-1,-1,-1
410,6.0,1243.4,561.9,45.9,113.4,-1,-1,-1,-1
410,5.0,1373.0,559.9,40.5,119.5,-1,-1,-1,-1
410,3.0,960.5,674.7,125.6,292.6,-1,-1,-1,-1
410,2.0,1120.5,752.6,152.6,325.3,-1,-1,-1,-1
410,1.0,1188.7,809.3,132.3,347.0,-1,-1,-1,-1
411,25.0,1653.8,623.0,56.7,179.5,-1,-1,-1,-1
411,22.0,1299.4,561.6,33.8,106.6,-1,-1,-1,-1
411,20.0,1173.2,727.0,87.8,297.0,-1,-1,-1,-1
411,19.0,1142.8,522.5,28.3,72.2,-1,-1,-1,-1
411,16.0,909.2,671.6,116.1,274.1,-1,-1,-1,-1
411,15.0,1714.5,606.8,54.0,168.8,-1,-1,-1,-1
411,11.0,1163.0,565.0,47.2,114.8,-1,-1,-1,-1
411,10.0,1376.3,553.5,42.5,119.5,-1,-1,-1,-1
411,9.0,1331.1,557.9,40.5,112.0,-1,-1,-1,-1
411,7.0,1308.8,560.6,39.2,114.8,-1,-1,-1,-1
411,6.0,1229.9,562.6,44.5,112.7,-1,-1,-1,-1
411,5.0,1359.5,560.2,41.8,119.5,-1,-1,-1,-1
411,3.0,941.6,676.4,128.2,294.3,-1,-1,-1,-1
411,2.0,1107.0,755.3,141.8,303.8,-1,-1,-1,-1
411,1.0,1167.8,810.0,136.4,363.2,-1,-1,-1,-1
412,25.0,1643.0,625.1,56.7,176.8,-1,-1,-1,-1
412,22.0,1286.6,559.9,33.8,109.3,-1,-1,-1,-1
412,20.0,1148.9,729.0,91.8,297.0,-1,-1,-1,-1
412,19.0,1130.6,522.1,28.4,71.6,-1,-1,-1,-1
412,16.0,891.7,671.0,108.0,278.1,-1,-1,-1,-1
412,11.0,1147.5,563.0,50.0,115.4,-1,-1,-1,-1
412,10.0,1362.8,552.8,41.2,116.8,-1,-1,-1,-1
412,9.0,1319.0,557.2,40.5,111.4,-1,-1,-1,-1
412,7.0,1296.7,560.2,39.2,115.4,-1,-1,-1,-1
412,6.0,1215.0,561.3,44.6,114.1,-1,-1,-1,-1
412,5.0,1346.6,560.2,42.5,120.2,-1,-1,-1,-1
412,3.0,922.1,678.4,121.5,294.3,-1,-1,-1,-1
412,2.0,1092.2,758.7,133.7,310.5,-1,-1,-1,-1
412,1.0,1140.1,811.4,144.4,394.2,-1,-1,-1,-1
413,26.0,1617.3,594.3,59.4,166.4,-1,-1,-1,-1
413,25.0,1634.9,625.7,62.1,172.8,-1,-1,-1,-1
413,22.0,1271.7,559.9,33.8,103.3,-1,-1,-1,-1
413,20.0,1112.4,727.7,108.0,297.0,-1,-1,-1,-1
413,19.0,1116.5,519.1,29.7,75.6,-1,-1,-1,-1
413,16.0,871.4,669.6,110.7,284.8,-1,-1,-1,-1
413,11.0,1134.0,561.6,48.6,117.5,-1,-1,-1,-1
413,10.0,1350.7,552.5,41.2,118.1,-1,-1,-1,-1
413,9.0,1306.1,556.9,40.5,110.0,-1,-1,-1,-1
413,7.0,1283.2,560.6,37.8,113.4,-1,-1,-1,-1
413,6.0,1201.5,560.6,44.6,116.1,-1,-1,-1,-1
413,5.0,1333.1,557.5,43.2,122.9,-1,-1,-1,-1
413,3.0,903.2,677.4,120.2,300.7,-1,-1,-1,-1
413,2.0,1076.6,763.4,132.3,332.1,-1,-1,-1,-1
413,1.0,1119.2,813.4,145.8,405.0,-1,-1,-1,-1
414,26.0,1606.5,592.3,62.1,170.4,-1,-1,-1,-1
414,25.0,1628.1,626.7,67.5,172.5,-1,-1,-1,-1
414,22.0,1258.2,560.2,33.8,103.3,-1,-1,-1,-1
414,20.0,1073.2,727.7,120.2,282.2,-1,-1,-1,-1
414,19.0,1104.3,517.7,27.0,75.6,-1,-1,-1,-1
414,16.0,852.5,672.0,95.9,286.5,-1,-1,-1,-1
414,11.0,1120.5,563.3,47.2,116.1,-1,-1,-1,-1
414,10.0,1337.9,552.2,41.8,115.4,-1,-1,-1,-1
414,7.0,1269.0,559.9,36.5,112.7,-1,-1,-1,-1
414,6.0,1185.3,561.3,44.6,111.4,-1,-1,-1,-1
414,5.0,1320.3,559.9,41.8,118.1,-1,-1,-1,-1
414,3.0,875.5,679.7,118.8,301.0,-1,-1,-1,-1
414,2.0,1057.1,765.5,125.6,345.6,-1,-1,-1,-1
414,1.0,1102.3,818.1,141.8,394.2,-1,-1,-1,-1
415,27.0,1846.8,586.6,64.8,194.4,-1,-1,-1,-1
415,26.0,1593.0,593.3,62.1,168.8,-1,-1,-1,-1
415,22.0,1244.7,559.6,33.8,106.7,-1,-1,-1,-1
415,20.0,1061.8,735.1,113.4,276.8,-1,-1,-1,-1
415,19.0,1091.5,518.7,28.4,74.3,-1,-1,-1,-1
415,16.0,827.6,671.0,85.0,290.2,-1,-1,-1,-1
415,11.0,1103.6,566.3,48.6,112.7,-1,-1,-1,-1
415,10.0,1323.0,551.5,43.2,118.1,-1,-1,-1,-1
415,7.0,1254.8,559.6,39.2,115.4,-1,-1,-1,-1
415,6.0,1171.1,559.2,43.2,113.4,-1,-1,-1,-1
415,5.0,1304.8,559.6,43.2,118.1,-1,-1,-1,-1
415,3.0,843.1,679.4,121.5,304.8,-1,-1,-1,-1
415,2.0,1032.8,768.8,128.2,356.4,-1,-1,-1,-1
415,1.0,1080.7,815.4,140.4,415.8,-1,-1,-1,-1
416,27.0,1833.3,584.9,62.1,194.1,-1,-1,-1,-1
416,26.0,1582.2,590.3,64.8,173.8,-1,-1,-1,-1
416,22.0,1229.9,557.9,33.8,104.0,-1,-1,-1,-1
416,20.0,1047.6,734.4,102.6,303.8,-1,-1,-1,-1
416,18.0,1649.7,603.5,62.1,174.2,-1,-1,-1,-1
416,16.0,800.6,673.3,86.4,292.6,-1,-1,-1,-1
416,14.0,1266.3,555.5,39.2,112.0,-1,-1,-1,-1
416,11.0,1089.5,563.6,47.2,115.4,-1,-1,-1,-1
416,10.0,1306.8,550.1,44.6,118.8,-1,-1,-1,-1
416,7.0,1240.7,557.5,41.8,116.1,-1,-1,-1,-1
416,6.0,1155.6,557.5,41.8,115.4,-1,-1,-1,-1
416,5.0,1289.2,556.5,44.6,122.2,-1,-1,-1,-1
416,3.0,818.1,682.1,108.0,307.5,-1,-1,-1,-1
416,2.0,1004.4,771.5,131.0,368.6,-1,-1,-1,-1
416,1.0,1057.7,818.8,141.8,414.5,-1,-1,-1,-1
417,27.0,1818.5,586.6,62.1,193.7,-1,-1,-1,-1
417,26.0,1570.1,594.7,62.1,171.4,-1,-1,-1,-1
417,22.0,1214.3,558.2,35.1,106.6,-1,-1,-1,-1
417,20.0,1019.9,735.8,105.3,328.1,-1,-1,-1,-1
417,18.0,1636.2,601.4,70.2,178.2,-1,-1,-1,-1
417,16.0,772.9,674.0,91.8,292.6,-1,-1,-1,-1
417,14.0,1250.8,554.2,40.5,114.8,-1,-1,-1,-1
417,11.0,1075.3,562.6,47.2,116.8,-1,-1,-1,-1
417,10.0,1293.3,549.1,44.6,121.5,-1,-1,-1,-1
417,7.0,1225.8,556.5,39.2,117.5,-1,-1,-1,-1
417,6.0,1138.1,557.5,45.9,116.8,-1,-1,-1,-1
417,5.0,1274.4,555.2,44.6,123.5,-1,-1,-1,-1
417,3.0,774.9,681.1,121.5,311.9,-1,-1,-1,-1
417,2.0,978.1,774.2,133.6,384.8,-1,-1,-1,-1
417,1.0,1033.4,825.5,141.8,419.8,-1,-1,-1,-1
418,27.0,1800.9,583.2,67.5,197.1,-1,-1,-1,-1
418,26.0,1562.0,607.2,54.0,157.6,-1,-1,-1,-1
418,20.0,997.7,738.5,102.6,325.4,-1,-1,-1,-1
418,14.0,1235.2,555.9,39.2,111.4,-1,-1,-1,-1
418,11.0,1058.4,563.3,47.2,116.1,-1,-1,-1,-1
418,10.0,1278.5,548.1,44.5,123.5,-1,-1,-1,-1
418,7.0,1211.6,555.2,39.2,116.8,-1,-1,-1,-1
418,6.0,1124.6,556.2,44.6,115.4,-1,-1,-1,-1
418,3.0,747.2,679.7,125.5,314.5,-1,-1,-1,-1
418,2.0,952.4,776.2,130.9,364.5,-1,-1,-1,-1
418,1.0,1010.5,826.2,140.4,425.3,-1,-1,-1,-1
419,35.0,1065.8,545.7,40.5,111.4,-1,-1,-1,-1
419,27.0,1786.1,581.9,64.8,195.8,-1,-1,-1,-1
419,26.0,1549.8,609.5,64.8,158.0,-1,-1,-1,-1
419,20.0,964.6,739.8,114.8,340.2,-1,-1,-1,-1
419,14.0,1221.8,550.8,41.9,114.8,-1,-1,-1,-1
419,11.0,1042.2,560.6,48.6,116.1,-1,-1,-1,-1
419,10.0,1264.3,546.8,43.2,124.2,-1,-1,-1,-1
419,6.0,1107.0,554.2,45.9,114.1,-1,-1,-1,-1
419,3.0,717.5,677.0,122.8,320.0,-1,-1,-1,-1
419,2.0,926.1,779.6,126.9,348.3,-1,-1,-1,-1
419,1.0,984.8,828.9,141.8,423.9,-1,-1,-1,-1
420,36.0,990.9,516.4,24.3,63.5,-1,-1,-1,-1
420,34.0,1019.9,513.0,31.0,73.6,-1,-1,-1,-1
420,27.0,1771.2,582.5,64.8,195.8,-1,-1,-1,-1
420,26.0,1539.0,608.5,64.8,168.4,-1,-1,-1,-1
420,21.0,1599.8,609.2,75.6,172.5,-1,-1,-1,-1
420,20.0,939.6,743.9,106.6,326.7,-1,-1,-1,-1
420,14.0,1208.9,550.5,40.5,113.4,-1,-1,-1,-1
420,11.0,1026.0,558.2,47.2,118.8,-1,-1,-1,-1
420,10.0,1250.8,546.1,43.2,124.9,-1,-1,-1,-1
420,9.0,1222.4,554.9,49.9,124.9,-1,-1,-1,-1
420,6.0,1092.2,552.8,47.2,116.1,-1,-1,-1,-1
420,4.0,1181.9,554.5,37.8,112.0,-1,-1,-1,-1
420,3.0,682.8,681.1,136.0,320.0,-1,-1,-1,-1
420,2.0,891.0,783.7,136.3,356.4,-1,-1,-1,-1
420,1.0,959.9,828.9,139.0,433.3,-1,-1,-1,-1
421,36.0,975.4,515.0,24.3,65.5,-1,-1,-1,-1
421,34.0,1005.8,511.3,31.0,73.6,-1,-1,-1,-1
421,27.0,1753.7,582.2,64.8,198.1,-1,-1,-1,-1
421,21.0,1583.6,602.8,78.3,180.9,-1,-1,-1,-1
421,20.0,904.5,747.2,113.4,353.7,-1,-1,-1,-1
421,14.0,1191.4,551.5,41.9,114.1,-1,-1,-1,-1
421,11.0,1009.8,556.5,47.2,118.1,-1,-1,-1,-1
421,9.0,1208.2,554.5,48.6,124.9,-1,-1,-1,-1
421,6.0,1074.6,553.5,47.3,116.1,-1,-1,-1,-1
421,3.0,655.8,681.8,136.0,322.7,-1,-1,-1,-1
421,2.0,863.3,791.1,137.7,384.8,-1,-1,-1,-1
421,1.0,933.5,835.7,136.3,422.6,-1,-1,-1,-1
422,34.0,988.9,510.3,32.4,72.9,-1,-1,-1,-1
422,27.0,1737.5,581.5,62.1,197.4,-1,-1,-1,-1
422,21.0,1568.7,607.2,75.6,174.5,-1,-1,-1,-1
422,20.0,873.5,749.2,116.1,342.9,-1,-1,-1,-1
422,14.0,1189.4,553.8,47.2,124.2,-1,-1,-1,-1
422,11.0,992.3,555.5,45.9,117.5,-1,-1,-1,-1
422,6.0,1055.0,551.5,52.7,120.1,-1,-1,-1,-1
422,3.0,623.7,682.4,143.1,325.3,-1,-1,-1,-1
422,2.0,829.6,790.4,141.8,386.1,-1,-1,-1,-1
422,1.0,901.8,842.4,140.4,423.9,-1,-1,-1,-1
423,39.0,1501.2,622.0,70.2,197.4,-1,-1,-1,-1
423,34.0,970.7,511.0,29.7,70.2,-1,-1,-1,-1
423,27.0,1714.5,580.5,67.5,199.1,-1,-1,-1,-1
423,20.0,839.0,752.6,118.8,359.1,-1,-1,-1,-1
423,14.0,1170.5,550.5,45.9,128.2,-1,-1,-1,-1
423,11.0,970.7,552.2,48.6,119.5,-1,-1,-1,-1
423,6.0,1036.8,551.1,51.3,116.1,-1,-1,-1,-1
423,5.0,1199.5,542.7,41.8,126.2,-1,-1,-1,-1
423,3.0,592.3,682.8,148.8,331.1,-1,-1,-1,-1
423,2.0,791.8,795.2,141.8,374.0,-1,-1,-1,-1
423,1.0,864.7,848.5,147.1,418.5,-1,-1,-1,-1
424,39.0,1483.7,619.0,72.9,205.2,-1,-1,-1,-1
424,27.0,1694.2,581.2,67.5,198.4,-1,-1,-1,-1
424,20.0,806.0,754.7,113.4,356.4,-1,-1,-1,-1
424,11.0,953.1,551.1,45.9,120.2,-1,-1,-1,-1
424,6.0,1017.9,550.5,51.3,114.1,-1,-1,-1,-1
424,3.0,556.5,684.1,152.2,332.4,-1,-1,-1,-1
424,2.0,761.4,796.5,143.1,388.8,-1,-1,-1,-1
424,1.0,835.0,851.9,145.8,428.0,-1,-1,-1,-1
425,39.0,1462.1,623.4,78.3,201.5,-1,-1,-1,-1
425,27.0,1675.4,582.5,64.8,196.4,-1,-1,-1,-1
425,25.0,1524.2,615.6,59.4,167.4,-1,-1,-1,-1
425,20.0,768.8,758.7,117.5,363.2,-1,-1,-1,-1
425,11.0,931.5,547.1,47.2,122.8,-1,-1,-1,-1
425,6.0,998.3,549.5,50.0,116.1,-1,-1,-1,-1
425,3.0,518.4,684.5,160.7,337.5,-1,-1,-1,-1
425,2.0,716.9,801.2,149.8,387.5,-1,-1,-1,-1
425,1.0,794.5,855.9,152.5,432.0,-1,-1,-1,-1
426,39.0,1448.6,622.7,75.6,198.8,-1,-1,-1,-1
426,36.0,889.7,509.3,27.0,66.8,-1,-1,-1,-1
426,27.0,1653.8,579.5,67.5,200.8,-1,-1,-1,-1
426,25.0,1510.7,604.8,56.7,178.2,-1,-1,-1,-1
426,20.0,738.5,764.1,112.0,352.4,-1,-1,-1,-1
426,11.0,914.6,550.1,43.2,119.5,-1,-1,-1,-1
426,6.0,978.1,549.8,50.0,114.1,-1,-1,-1,-1
426,3.0,483.3,688.5,166.7,341.6,-1,-1,-1,-1
426,2.0,678.7,806.0,154.2,406.4,-1,-1,-1,-1
426,1.0,761.4,862.7,152.5,428.0,-1,-1,-1,-1
427,39.0,1429.7,626.1,78.3,205.5,-1,-1,-1,-1
427,36.0,872.8,511.0,27.0,65.5,-1,-1,-1,-1
427,27.0,1633.5,581.2,67.5,199.8,-1,-1,-1,-1
427,26.0,1425.6,590.6,59.4,184.3,-1,-1,-1,-1
427,25.0,1495.8,604.1,59.4,182.2,-1,-1,-1,-1
427,20.0,685.1,767.5,129.6,383.4,-1,-1,-1,-1
427,11.0,894.4,552.5,43.2,116.8,-1,-1,-1,-1
427,7.0,1093.5,549.5,47.2,127.6,-1,-1,-1,-1
427,6.0,959.9,551.8,48.6,110.0,-1,-1,-1,-1
427,3.0,446.9,694.6,169.4,342.9,-1,-1,-1,-1
427,2.0,640.6,816.1,153.9,394.2,-1,-1,-1,-1
427,1.0,731.0,874.8,148.5,422.6,-1,-1,-1,-1
428,39.0,1410.8,627.8,75.6,206.6,-1,-1,-1,-1
428,27.0,1609.2,583.2,70.2,200.5,-1,-1,-1,-1
428,25.0,1481.0,606.2,59.4,180.9,-1,-1,-1,-1
428,20.0,665.6,772.2,112.0,382.0,-1,-1,-1,-1
428,11.0,874.8,555.9,41.8,115.4,-1,-1,-1,-1
428,6.0,938.9,556.9,45.9,113.4,-1,-1,-1,-1
428,3.0,399.3,700.0,176.9,344.2,-1,-1,-1,-1
428,2.0,604.5,823.5,146.8,407.7,-1,-1,-1,-1
428,1.0,704.7,884.2,136.4,418.5,-1,-1,-1,-1
429,39.0,1391.9,633.2,72.9,206.5,-1,-1,-1,-1
429,25.0,1460.7,607.8,62.1,183.9,-1,-1,-1,-1
429,22.0,1088.8,543.4,41.8,128.2,-1,-1,-1,-1
429,20.0,627.1,779.6,110.0,371.2,-1,-1,-1,-1
429,11.0,853.2,558.6,43.2,114.8,-1,-1,-1,-1
429,6.0,919.4,557.9,45.9,114.1,-1,-1,-1,-1
429,3.0,369.9,704.0,166.7,348.3,-1,-1,-1,-1
429,2.0,557.9,831.6,157.6,402.3,-1,-1,-1,-1
429,1.0,661.2,893.0,148.2,433.3,-1,-1,-1,-1
430,39.0,1373.6,639.9,72.2,203.8,-1,-1,-1,-1
430,25.0,1441.8,614.9,62.1,179.5,-1,-1,-1,-1
430,20.0,585.6,788.4,112.4,378.0,-1,-1,-1,-1
430,11.0,830.9,564.0,44.5,114.1,-1,-1,-1,-1
430,6.0,898.4,562.3,45.9,116.8,-1,-1,-1,-1
430,3.0,328.4,711.5,166.1,351.0,-1,-1,-1,-1
430,2.0,509.0,842.4,165.4,399.6,-1,-1,-1,-1
430,1.0,635.2,903.2,135.0,436.1,-1,-1,-1,-1
431,39.0,1356.1,647.0,69.5,203.5,-1,-1,-1,-1
431,26.0,1352.7,603.5,62.1,197.1,-1,-1,-1,-1
431,25.0,1421.6,618.3,72.9,183.6,-1,-1,-1,-1
431,20.0,540.0,795.2,116.8,372.6,-1,-1,-1,-1
431,11.0,809.3,566.0,45.9,113.4,-1,-1,-1,-1
431,6.0,876.8,562.3,39.2,110.7,-1,-1,-1,-1
431,3.0,282.7,714.8,166.9,355.0,-1,-1,-1,-1
431,2.0,467.1,847.8,167.4,403.7,-1,-1,-1,-1
431,1.0,591.0,913.3,139.4,442.8,-1,-1,-1,-1
432,39.0,1337.9,652.7,66.1,199.8,-1,-1,-1,-1
432,36.0,780.3,519.4,22.9,64.8,-1,-1,-1,-1
432,27.0,1513.4,591.3,81.0,206.5,-1,-1,-1,-1
432,26.0,1333.1,604.8,64.1,178.2,-1,-1,-1,-1
432,25.0,1401.3,620.0,86.4,186.0,-1,-1,-1,-1
432,20.0,491.7,800.6,122.2,398.2,-1,-1,-1,-1
432,11.0,785.0,565.0,47.2,116.1,-1,-1,-1,-1
432,7.0,1024.7,551.8,45.9,130.3,-1,-1,-1,-1
432,6.0,855.2,567.7,37.8,97.9,-1,-1,-1,-1
432,3.0,244.7,715.5,173.1,360.5,-1,-1,-1,-1
432,2.0,416.1,857.2,174.8,405.0,-1,-1,-1,-1
432,1.0,550.8,923.4,136.4,433.3,-1,-1,-1,-1
433,53.0,793.8,553.5,41.8,105.3,-1,-1,-1,-1
433,39.0,1312.9,656.1,69.5,202.5,-1,-1,-1,-1
433,27.0,1491.8,594.7,78.3,206.5,-1,-1,-1,-1
433,26.0,1311.5,608.2,59.4,164.0,-1,-1,-1,-1
433,25.0,1385.1,625.1,89.1,186.3,-1,-1,-1,-1
433,20.0,442.5,811.4,128.2,399.6,-1,-1,-1,-1
433,11.0,763.4,568.4,47.2,116.1,-1,-1,-1,-1
433,7.0,1003.7,556.2,47.2,130.3,-1,-1,-1,-1
433,3.0,202.2,719.6,174.8,364.5,-1,-1,-1,-1
433,2.0,380.4,868.1,162.0,402.3,-1,-1,-1,-1
433,1.0,503.6,936.2,139.7,433.4,-1,-1,-1,-1
434,53.0,776.9,555.5,40.5,109.3,-1,-1,-1,-1
434,39.0,1292.0,656.8,70.2,203.8,-1,-1,-1,-1
434,27.0,1470.2,595.4,75.6,206.5,-1,-1,-1,-1
434,26.0,1291.3,607.8,62.1,173.1,-1,-1,-1,-1
434,25.0,1361.5,626.4,95.2,186.3,-1,-1,-1,-1
434,20.0,398.9,812.7,133.0,398.3,-1,-1,-1,-1
434,11.0,741.2,567.7,45.9,116.8,-1,-1,-1,-1
434,7.0,983.5,555.5,47.2,131.0,-1,-1,-1,-1
434,3.0,152.4,723.6,172.5,375.3,-1,-1,-1,-1
434,2.0,299.5,872.8,206.0,419.8,-1,-1,-1,-1
434,1.0,454.3,943.0,145.1,450.2,-1,-1,-1,-1
435,53.0,752.0,557.5,43.2,109.4,-1,-1,-1,-1
435,39.0,1273.7,658.5,66.1,207.6,-1,-1,-1,-1
435,27.0,1445.9,598.7,78.3,207.9,-1,-1,-1,-1
435,26.0,1275.1,607.5,58.0,171.5,-1,-1,-1,-1
435,25.0,1341.2,629.8,97.9,187.7,-1,-1,-1,-1
435,20.0,353.0,824.9,139.7,418.5,-1,-1,-1,-1
435,11.0,717.5,565.7,48.6,126.2,-1,-1,-1,-1
435,7.0,965.3,556.9,44.5,132.3,-1,-1,-1,-1
435,3.0,102.9,730.4,134.8,384.7,-1,-1,-1,-1
435,2.0,270.0,880.2,193.1,438.8,-1,-1,-1,-1
435,1.0,410.4,955.8,143.1,425.2,-1,-1,-1,-1
436,39.0,1253.5,654.1,64.8,216.0,-1,-1,-1,-1
436,27.0,1422.9,598.1,78.3,209.2,-1,-1,-1,-1
436,26.0,1253.5,611.9,58.0,165.7,-1,-1,-1,-1
436,25.0,1314.9,629.4,102.6,188.7,-1,-1,-1,-1
436,20.0,312.5,833.6,129.6,409.1,-1,-1,-1,-1
436,11.0,695.9,563.3,48.6,126.2,-1,-1,-1,-1
436,7.0,943.0,555.2,47.2,136.7,-1,-1,-1,-1
436,6.0,762.1,560.9,47.2,119.5,-1,-1,-1,-1
436,3.0,47.8,739.1,127.9,374.0,-1,-1,-1,-1
436,2.0,222.4,889.7,182.2,446.8,-1,-1,-1,-1
436,1.0,351.3,967.3,162.0,477.2,-1,-1,-1,-1
437,39.0,1229.2,652.7,68.8,226.8,-1,-1,-1,-1
437,27.0,1401.3,603.1,78.3,207.6,-1,-1,-1,-1
437,26.0,1235.2,612.2,55.4,164.7,-1,-1,-1,-1
437,25.0,1300.7,632.1,96.5,190.0,-1,-1,-1,-1
437,20.0,265.6,841.1,131.6,407.7,-1,-1,-1,-1
437,11.0,672.3,565.3,49.9,122.9,-1,-1,-1,-1
437,7.0,923.4,557.5,45.9,133.0,-1,-1,-1,-1
437,6.0,741.2,563.6,45.9,120.2,-1,-1,-1,-1
437,3.0,-8.9,734.4,158.0,391.5,-1,-1,-1,-1
437,2.0,172.2,899.8,177.1,463.1,-1,-1,-1,-1
437,1.0,290.8,973.4,171.3,495.5,-1,-1,-1,-1
438,39.0,1206.9,651.7,67.5,231.9,-1,-1,-1,-1
438,27.0,1376.3,601.8,79.0,210.9,-1,-1,-1,-1
438,26.0,1213.0,610.9,56.7,176.9,-1,-1,-1,-1
438,25.0,1279.1,632.5,95.9,194.4,-1,-1,-1,-1
438,20.0,214.5,843.1,130.3,434.7,-1,-1,-1,-1
438,11.0,648.7,564.3,49.9,124.9,-1,-1,-1,-1
438,7.0,902.5,557.5,45.9,133.7,-1,-1,-1,-1
438,6.0,717.5,563.0,44.5,119.5,-1,-1,-1,-1
438,3.0,-58.3,735.1,162.7,383.4,-1,-1,-1,-1
438,2.0,115.0,905.9,176.9,483.3,-1,-1,-1,-1
439,39.0,1181.9,652.7,75.6,234.9,-1,-1,-1,-1
439,27.0,1356.1,605.8,76.3,208.2,-1,-1,-1,-1
439,26.0,1194.1,615.6,55.3,156.6,-1,-1,-1,-1
439,25.0,1256.2,632.5,94.5,194.4,-1,-1,-1,-1
439,20.0,158.7,847.1,136.9,452.2,-1,-1,-1,-1
439,11.0,624.7,564.0,51.3,128.6,-1,-1,-1,-1
439,7.0,882.2,557.5,45.9,135.7,-1,-1,-1,-1
439,6.0,693.2,563.6,50.0,125.6,-1,-1,-1,-1
439,2.0,52.5,915.3,182.9,538.7,-1,-1,-1,-1
440,39.0,1155.6,655.1,81.0,240.0,-1,-1,-1,-1
440,27.0,1330.4,604.1,79.0,213.3,-1,-1,-1,-1
440,26.0,1169.8,616.3,67.5,198.5,-1,-1,-1,-1
440,25.0,1236.6,632.8,91.8,197.4,-1,-1,-1,-1
440,20.0,96.0,853.2,149.3,484.7,-1,-1,-1,-1
440,11.0,601.1,564.3,52.7,133.0,-1,-1,-1,-1
440,7.0,860.0,557.2,47.2,136.7,-1,-1,-1,-1
440,6.0,671.3,565.3,47.6,127.9,-1,-1,-1,-1
440,2.0,-12.4,926.8,192.6,596.0,-1,-1,-1,-1
441,39.0,1131.3,663.5,86.4,236.2,-1,-1,-1,-1
441,27.0,1305.5,604.8,78.3,213.3,-1,-1,-1,-1
441,26.0,1150.9,617.0,64.8,191.7,-1,-1,-1,-1
441,25.0,1218.4,633.8,85.1,198.5,-1,-1,-1,-1
441,20.0,37.3,860.6,150.6,487.4,-1,-1,-1,-1
441,11.0,575.8,563.0,54.7,139.0,-1,-1,-1,-1
441,7.0,837.7,557.2,48.6,138.0,-1,-1,-1,-1
441,6.0,647.3,558.9,45.2,131.0,-1,-1,-1,-1
441,2.0,-85.3,934.9,208.9,601.4,-1,-1,-1,-1
442,39.0,1103.6,666.2,93.2,237.6,-1,-1,-1,-1
442,27.0,1278.5,606.2,81.0,213.3,-1,-1,-1,-1
442,26.0,1132.0,618.3,64.8,182.2,-1,-1,-1,-1
442,25.0,1198.1,633.8,82.4,199.8,-1,-1,-1,-1
442,20.0,-16.0,874.8,151.7,437.4,-1,-1,-1,-1
442,11.0,551.5,563.6,51.3,139.1,-1,-1,-1,-1
442,7.0,814.7,558.6,51.3,138.7,-1,-1,-1,-1
442,6.0,621.7,561.3,47.9,126.9,-1,-1,-1,-1
443,39.0,1077.3,673.3,91.8,233.9,-1,-1,-1,-1
443,27.0,1252.1,607.5,83.7,213.3,-1,-1,-1,-1
443,26.0,1110.4,619.7,71.6,174.2,-1,-1,-1,-1
443,25.0,1181.9,636.2,74.2,200.8,-1,-1,-1,-1
443,11.0,527.2,569.0,52.7,129.6,-1,-1,-1,-1
443,7.0,793.8,559.2,48.6,140.1,-1,-1,-1,-1
443,6.0,595.0,563.6,48.6,124.9,-1,-1,-1,-1
444,39.0,1051.7,675.7,97.2,236.2,-1,-1,-1,-1
444,27.0,1225.8,607.8,83.7,215.0,-1,-1,-1,-1
444,26.0,1087.4,619.7,72.9,202.5,-1,-1,-1,-1
444,25.0,1163.0,637.9,71.6,199.8,-1,-1,-1,-1
444,11.0,501.9,570.7,48.6,122.5,-1,-1,-1,-1
444,7.0,770.9,559.6,50.0,140.4,-1,-1,-1,-1
444,6.0,572.4,566.0,41.8,119.5,-1,-1,-1,-1
445,53.0,662.2,572.4,52.0,143.1,-1,-1,-1,-1
445,39.0,1024.0,672.6,97.2,246.0,-1,-1,-1,-1
445,27.0,1196.1,607.2,87.8,219.0,-1,-1,-1,-1
445,26.0,1063.8,618.0,74.2,210.9,-1,-1,-1,-1
445,25.0,1128.6,637.9,87.8,206.6,-1,-1,-1,-1
445,11.0,476.9,572.1,46.6,123.2,-1,-1,-1,-1
445,7.0,749.2,559.2,45.9,143.4,-1,-1,-1,-1
445,6.0,548.1,564.6,43.2,118.8,-1,-1,-1,-1
446,53.0,677.7,571.1,47.2,146.5,-1,-1,-1,-1
446,39.0,995.0,671.6,95.9,255.2,-1,-1,-1,-1
446,27.0,1171.1,607.8,83.7,219.7,-1,-1,-1,-1
446,26.0,1040.8,618.3,72.9,211.9,-1,-1,-1,-1
446,25.0,1108.3,639.6,82.4,208.2,-1,-1,-1,-1
446,11.0,449.6,572.1,50.6,126.6,-1,-1,-1,-1
447,53.0,652.1,576.5,45.9,142.4,-1,-1,-1,-1
447,39.0,967.3,669.9,91.8,262.9,-1,-1,-1,-1
447,27.0,1144.1,607.8,83.7,221.1,-1,-1,-1,-1
447,26.0,1017.2,618.3,70.2,214.6,-1,-1,-1,-1
447,25.0,1082.7,639.9,83.7,209.2,-1,-1,-1,-1
447,11.0,422.9,572.4,53.3,124.2,-1,-1,-1,-1
448,39.0,939.6,669.6,91.8,268.7,-1,-1,-1,-1
448,27.0,1113.1,606.8,83.7,222.8,-1,-1,-1,-1
448,26.0,991.6,619.7,68.9,213.3,-1,-1,-1,-1
448,25.0,1062.5,640.2,82.3,213.0,-1,-1,-1,-1
448,11.0,394.5,569.7,54.7,126.2,-1,-1,-1,-1
449,39.0,907.2,668.9,97.2,276.8,-1,-1,-1,-1
449,27.0,1088.1,606.5,77.0,223.1,-1,-1,-1,-1
449,26.0,968.6,618.0,66.1,213.6,-1,-1,-1,-1
449,25.0,1035.5,641.6,86.4,214.3,-1,-1,-1,-1
449,11.0,367.2,570.7,54.7,123.2,-1,-1,-1,-1
449,7.0,651.4,559.6,52.7,143.1,-1,-1,-1,-1
449,6.0,440.8,563.0,42.5,127.6,-1,-1,-1,-1
450,39.0,877.5,668.9,99.9,282.1,-1,-1,-1,-1
450,27.0,1058.4,605.5,74.2,224.1,-1,-1,-1,-1
450,26.0,941.6,615.9,71.5,215.0,-1,-1,-1,-1
450,25.0,1010.5,644.0,89.1,212.0,-1,-1,-1,-1
450,11.0,338.0,566.7,52.8,125.2,-1,-1,-1,-1
450,7.0,628.1,556.9,47.2,143.8,-1,-1,-1,-1
450,6.0,410.7,560.6,43.9,126.9,-1,-1,-1,-1
451,39.0,845.1,677.7,108.0,280.8,-1,-1,-1,-1
451,27.0,1026.7,605.5,76.9,224.1,-1,-1,-1,-1
451,26.0,915.3,615.6,72.9,224.1,-1,-1,-1,-1
451,25.0,984.8,642.3,91.8,216.3,-1,-1,-1,-1
451,11.0,309.2,565.3,54.7,127.9,-1,-1,-1,-1
451,7.0,603.5,555.5,49.3,143.8,-1,-1,-1,-1
451,6.0,384.1,560.9,43.2,126.9,-1,-1,-1,-1
452,39.0,814.7,683.8,106.6,278.1,-1,-1,-1,-1
452,27.0,996.3,606.8,78.3,226.8,-1,-1,-1,-1
452,26.0,892.4,617.3,68.8,227.1,-1,-1,-1,-1
452,25.0,959.9,644.0,87.7,218.7,-1,-1,-1,-1
452,11.0,280.0,563.3,56.0,130.6,-1,-1,-1,-1
452,7.0,579.2,555.2,52.7,148.8,-1,-1,-1,-1
452,6.0,351.0,559.2,47.2,128.2,-1,-1,-1,-1
453,89.0,450.6,567.7,56.7,164.0,-1,-1,-1,-1
453,88.0,1738.8,768.2,191.7,487.3,-1,-1,-1,-1
453,39.0,781.7,687.8,109.3,282.2,-1,-1,-1,-1
453,27.0,965.9,607.5,75.6,233.6,-1,-1,-1,-1
453,26.0,864.7,617.6,71.5,216.0,-1,-1,-1,-1
453,25.0,935.6,647.0,82.3,218.4,-1,-1,-1,-1
453,11.0,252.3,564.3,54.3,130.9,-1,-1,-1,-1
453,7.0,551.5,555.9,51.3,151.5,-1,-1,-1,-1
454,89.0,464.7,559.6,55.4,164.7,-1,-1,-1,-1
454,88.0,1706.4,768.2,191.7,475.2,-1,-1,-1,-1
454,39.0,745.9,692.6,101.2,278.1,-1,-1,-1,-1
454,27.0,938.3,609.2,70.2,225.8,-1,-1,-1,-1
454,26.0,837.7,618.0,68.8,231.9,-1,-1,-1,-1
454,25.0,908.6,647.7,83.7,220.4,-1,-1,-1,-1
454,11.0,219.7,563.6,58.7,135.0,-1,-1,-1,-1
454,7.0,525.2,554.9,58.7,153.2,-1,-1,-1,-1
455,88.0,1672.7,769.5,197.1,473.9,-1,-1,-1,-1
455,39.0,712.1,696.6,94.5,282.2,-1,-1,-1,-1
455,27.0,906.5,612.6,72.9,235.2,-1,-1,-1,-1
455,26.0,810.0,624.0,71.6,229.8,-1,-1,-1,-1
455,25.0,881.6,648.3,83.7,223.1,-1,-1,-1,-1
455,11.0,189.2,567.7,47.9,135.7,-1,-1,-1,-1
455,7.0,496.5,557.5,66.8,153.9,-1,-1,-1,-1
456,88.0,1638.9,762.8,197.1,488.7,-1,-1,-1,-1
456,39.0,676.4,694.6,93.1,298.4,-1,-1,-1,-1
456,27.0,875.5,616.3,74.2,236.2,-1,-1,-1,-1
456,26.0,780.3,624.0,71.5,228.5,-1,-1,-1,-1
456,25.0,853.2,650.7,83.7,225.5,-1,-1,-1,-1
456,7.0,468.5,556.2,72.2,155.9,-1,-1,-1,-1
457,88.0,1606.5,761.4,194.4,500.8,-1,-1,-1,-1
457,39.0,638.6,691.9,93.8,315.9,-1,-1,-1,-1
457,27.0,845.8,618.6,70.2,233.9,-1,-1,-1,-1
457,26.0,750.6,631.8,71.5,220.0,-1,-1,-1,-1
457,25.0,824.2,656.1,86.4,224.1,-1,-1,-1,-1
457,7.0,435.7,556.9,81.7,158.0,-1,-1,-1,-1
457,6.0,304.4,575.1,74.6,165.4,-1,-1,-1,-1
458,88.0,1571.4,759.4,197.1,494.1,-1,-1,-1,-1
458,39.0,600.4,700.0,92.8,313.2,-1,-1,-1,-1
458,27.0,812.7,621.7,72.9,214.6,-1,-1,-1,-1
458,26.0,720.9,637.5,70.2,221.1,-1,-1,-1,-1
458,25.0,795.2,662.9,87.8,220.0,-1,-1,-1,-1
458,7.0,407.7,557.5,83.7,158.6,-1,-1,-1,-1
458,6.0,308.6,570.4,54.5,165.4,-1,-1,-1,-1
459,88.0,1537.7,759.4,199.8,500.9,-1,-1,-1,-1
459,39.0,557.2,699.3,97.9,330.8,-1,-1,-1,-1
459,27.0,774.9,623.7,78.3,228.2,-1,-1,-1,-1
459,26.0,688.5,635.9,72.9,232.2,-1,-1,-1,-1
459,25.0,766.1,656.1,89.1,232.2,-1,-1,-1,-1
459,11.0,54.8,572.7,57.7,133.3,-1,-1,-1,-1
459,7.0,374.0,560.9,89.1,157.9,-1,-1,-1,-1
459,6.0,310.5,569.0,81.0,164.7,-1,-1,-1,-1
460,88.0,1502.6,760.7,199.8,502.2,-1,-1,-1,-1
460,39.0,513.0,708.8,101.9,333.5,-1,-1,-1,-1
460,27.0,733.7,629.1,91.8,222.8,-1,-1,-1,-1
460,26.0,655.4,638.6,74.2,234.9,-1,-1,-1,-1
460,25.0,729.7,672.0,93.1,221.7,-1,-1,-1,-1
460,11.0,15.7,572.1,61.4,138.7,-1,-1,-1,-1
460,7.0,345.3,562.6,86.4,159.6,-1,-1,-1,-1
460,6.0,279.1,570.4,81.7,172.1,-1,-1,-1,-1
461,88.0,1470.2,766.1,194.4,503.6,-1,-1,-1,-1
461,39.0,467.8,727.0,107.3,332.1,-1,-1,-1,-1
461,27.0,697.3,632.8,81.0,217.0,-1,-1,-1,-1
461,26.0,622.7,642.6,74.6,237.6,-1,-1,-1,-1
461,25.0,700.7,661.5,91.8,239.0,-1,-1,-1,-1
461,11.0,-16.8,573.1,55.7,141.8,-1,-1,-1,-1
461,7.0,312.9,566.7,86.4,156.9,-1,-1,-1,-1
461,6.0,248.1,577.1,83.0,161.3,-1,-1,-1,-1
462,100.0,214.0,575.1,81.0,170.1,-1,-1,-1,-1
462,88.0,1435.1,773.6,194.4,507.6,-1,-1,-1,-1
462,39.0,419.9,731.0,116.1,341.6,-1,-1,-1,-1
462,27.0,662.2,634.2,81.0,227.1,-1,-1,-1,-1
462,26.0,588.9,644.6,76.3,240.3,-1,-1,-1,-1
462,25.0,662.9,664.2,104.0,241.7,-1,-1,-1,-1
462,11.0,11.5,571.7,56.2,145.8,-1,-1,-1,-1
462,7.0,275.7,569.0,92.5,159.3,-1,-1,-1,-1
463,88.0,1401.3,787.1,191.7,492.8,-1,-1,-1,-1
463,39.0,375.0,743.9,126.9,341.5,-1,-1,-1,-1
463,27.0,623.0,639.9,83.7,230.8,-1,-1,-1,-1
463,26.0,554.2,646.7,77.0,245.7,-1,-1,-1,-1
463,25.0,632.8,672.3,110.4,240.3,-1,-1,-1,-1
463,7.0,248.7,571.1,86.1,159.3,-1,-1,-1,-1
464,102.0,146.3,576.5,76.9,170.8,-1,-1,-1,-1
464,88.0,1366.2,801.2,191.7,484.6,-1,-1,-1,-1
464,39.0,324.8,754.7,149.7,333.4,-1,-1,-1,-1
464,27.0,589.6,641.6,81.7,233.9,-1,-1,-1,-1
464,26.0,520.4,649.4,77.6,253.8,-1,-1,-1,-1
464,25.0,598.7,673.7,114.8,244.3,-1,-1,-1,-1
464,7.0,215.8,572.1,83.7,162.3,-1,-1,-1,-1
465,104.0,110.7,579.8,77.8,172.8,-1,-1,-1,-1
465,88.0,1329.8,813.4,197.1,483.3,-1,-1,-1,-1
465,39.0,273.4,756.7,166.1,345.6,-1,-1,-1,-1
465,27.0,548.1,645.0,81.7,232.5,-1,-1,-1,-1
465,26.0,485.0,655.1,77.6,248.1,-1,-1,-1,-1
465,25.0,562.3,679.4,120.2,246.0,-1,-1,-1,-1
465,7.0,185.5,572.7,82.3,164.4,-1,-1,-1,-1
466,106.0,76.2,579.2,80.2,172.1,-1,-1,-1,-1
466,88.0,1297.4,826.2,194.4,479.3,-1,-1,-1,-1
466,39.0,220.1,762.8,173.5,348.3,-1,-1,-1,-1
466,27.0,511.7,650.0,77.6,236.2,-1,-1,-1,-1
466,26.0,447.2,660.8,75.6,255.2,-1,-1,-1,-1
466,25.0,529.9,684.8,115.4,246.0,-1,-1,-1,-1
466,11.0,-19.1,587.9,84.5,176.8,-1,-1,-1,-1
466,7.0,158.1,572.1,76.9,167.7,-1,-1,-1,-1
467,88.0,1262.9,839.7,189.7,460.4,-1,-1,-1,-1
467,39.0,163.0,756.0,181.6,374.0,-1,-1,-1,-1
467,27.0,460.0,650.0,93.2,252.5,-1,-1,-1,-1
467,26.0,409.4,660.8,85.7,261.9,-1,-1,-1,-1
467,25.0,492.1,688.2,116.8,248.7,-1,-1,-1,-1
467,11.0,-2.6,582.9,59.7,184.6,-1,-1,-1,-1
467,7.0,127.7,571.1,81.3,170.8,-1,-1,-1,-1
468,88.0,1231.9,848.5,188.3,460.4,-1,-1,-1,-1
468,39.0,106.4,758.7,189.9,364.5,-1,-1,-1,-1
468,27.0,434.0,655.4,72.9,225.4,-1,-1,-1,-1
468,26.0,370.9,665.9,88.4,260.9,-1,-1,-1,-1
468,25.0,458.0,691.2,110.7,255.2,-1,-1,-1,-1
468,11.0,13.1,576.5,61.6,180.9,-1,-1,-1,-1
468,7.0,104.3,571.4,60.8,173.1,-1,-1,-1,-1
469,88.0,1200.2,854.6,180.9,457.7,-1,-1,-1,-1
469,39.0,43.5,768.8,197.9,371.3,-1,-1,-1,-1
469,27.0,386.4,654.1,78.3,247.0,-1,-1,-1,-1
469,26.0,331.3,665.6,85.2,267.3,-1,-1,-1,-1
469,25.0,416.8,693.9,113.4,256.5,-1,-1,-1,-1
469,11.0,-24.0,572.1,65.5,185.3,-1,-1,-1,-1
469,7.0,70.2,569.7,58.7,175.5,-1,-1,-1,-1
470,88.0,1166.4,854.6,179.6,456.3,-1,-1,-1,-1
470,39.0,-18.9,768.2,206.9,394.2,-1,-1,-1,-1
470,27.0,344.6,655.8,79.0,247.4,-1,-1,-1,-1
470,26.0,288.4,664.5,88.9,273.7,-1,-1,-1,-1
470,25.0,374.0,693.9,116.1,260.5,-1,-1,-1,-1
470,7.0,34.6,567.3,60.8,175.8,-1,-1,-1,-1
471,88.0,1128.6,849.8,182.2,467.1,-1,-1,-1,-1
471,39.0,-71.1,777.6,203.2,378.0,-1,-1,-1,-1
471,27.0,300.2,654.8,78.8,239.0,-1,-1,-1,-1
471,26.0,246.5,668.6,99.4,273.7,-1,-1,-1,-1
471,25.0,336.2,693.9,111.4,266.0,-1,-1,-1,-1
471,7.0,1.3,565.3,62.9,171.8,-1,-1,-1,-1
472,88.0,1088.8,846.5,186.3,461.7,-1,-1,-1,-1
472,27.0,249.2,650.7,86.4,275.4,-1,-1,-1,-1
472,26.0,205.2,667.6,100.6,278.1,-1,-1,-1,-1
472,25.0,296.0,693.9,112.7,270.0,-1,-1,-1,-1
473,88.0,1047.6,841.7,191.7,476.5,-1,-1,-1,-1
473,27.0,203.0,655.4,86.1,271.3,-1,-1,-1,-1
473,26.0,163.9,670.3,102.3,279.5,-1,-1,-1,-1
473,25.0,256.5,695.9,111.4,271.3,-1,-1,-1,-1
474,88.0,1005.8,843.8,197.1,471.2,-1,-1,-1,-1
474,27.0,150.4,654.1,93.1,275.4,-1,-1,-1,-1
474,26.0,119.8,671.0,110.4,286.2,-1,-1,-1,-1
474,25.0,215.0,697.3,112.7,276.8,-1,-1,-1,-1
475,88.0,965.3,845.8,195.7,480.6,-1,-1,-1,-1
475,26.0,74.9,673.7,113.3,287.5,-1,-1,-1,-1
475,25.0,178.4,697.3,106.3,280.8,-1,-1,-1,-1
476,88.0,922.1,852.5,184.9,461.7,-1,-1,-1,-1
476,26.0,27.4,681.1,117.7,286.2,-1,-1,-1,-1
476,25.0,132.0,696.6,109.6,288.9,-1,-1,-1,-1
477,88.0,880.2,861.3,186.3,456.3,-1,-1,-1,-1
477,26.0,-29.1,677.7,129.8,297.0,-1,-1,-1,-1
477,25.0,85.9,698.0,111.9,294.3,-1,-1,-1,-1
478,88.0,837.0,867.4,203.8,465.8,-1,-1,-1,-1
478,25.0,36.5,706.1,109.3,301.0,-1,-1,-1,-1
479,88.0,791.8,872.1,199.8,480.6,-1,-1,-1,-1
479,25.0,-7.1,708.1,104.5,259.2,-1,-1,-1,-1
480,88.0,744.5,893.0,203.9,488.7,-1,-1,-1,-1
480,25.0,-67.2,710.8,116.2,321.3,-1,-1,-1,-1
481,88.0,695.2,871.4,205.2,487.3,-1,-1,-1,-1
482,88.0,650.0,873.5,199.8,472.5,-1,-1,-1,-1
483,108.0,1768.5,656.8,121.5,245.7,-1,-1,-1,-1
483,88.0,604.5,874.8,192.0,480.6,-1,-1,-1,-1
484,109.0,1678.1,646.0,91.8,236.2,-1,-1,-1,-1
484,108.0,1728.0,655.8,118.8,246.0,-1,-1,-1,-1
484,88.0,554.5,872.8,192.7,483.3,-1,-1,-1,-1
485,109.0,1637.6,646.7,86.4,234.9,-1,-1,-1,-1
485,108.0,1699.7,657.1,102.6,248.7,-1,-1,-1,-1
485,88.0,502.5,872.8,191.4,487.3,-1,-1,-1,-1
486,109.0,1595.7,642.6,89.1,247.0,-1,-1,-1,-1
486,108.0,1660.5,656.8,99.9,233.5,-1,-1,-1,-1
486,88.0,450.6,877.5,189.0,475.2,-1,-1,-1,-1
487,109.0,1552.5,645.3,89.1,247.0,-1,-1,-1,-1
487,108.0,1620.0,658.8,99.9,232.2,-1,-1,-1,-1
487,88.0,398.9,884.2,185.6,480.6,-1,-1,-1,-1
488,109.0,1493.1,650.7,110.7,247.0,-1,-1,-1,-1
488,108.0,1572.8,658.8,99.9,249.8,-1,-1,-1,-1
488,88.0,343.9,896.4,186.3,467.1,-1,-1,-1,-1
489,109.0,1437.8,656.1,124.2,247.0,-1,-1,-1,-1
489,108.0,1532.2,660.8,99.9,251.1,-1,-1,-1,-1
489,88.0,296.3,911.2,178.2,468.5,-1,-1,-1,-1
490,109.0,1391.9,660.8,129.6,248.4,-1,-1,-1,-1
490,108.0,1490.4,665.6,97.2,253.8,-1,-1,-1,-1
490,88.0,248.6,926.1,172.6,440.1,-1,-1,-1,-1
491,109.0,1352.7,663.5,132.3,253.8,-1,-1,-1,-1
491,108.0,1454.0,670.6,91.8,240.6,-1,-1,-1,-1
491,88.0,196.8,941.0,178.9,484.7,-1,-1,-1,-1
492,109.0,1319.0,667.6,118.8,253.8,-1,-1,-1,-1
492,108.0,1397.2,675.7,108.0,252.4,-1,-1,-1,-1
492,88.0,141.7,948.4,176.3,477.2,-1,-1,-1,-1
493,109.0,1287.9,668.2,101.2,259.2,-1,-1,-1,-1
493,108.0,1366.2,678.4,97.2,259.2,-1,-1,-1,-1
493,88.0,87.3,953.1,176.9,465.8,-1,-1,-1,-1
494,109.0,1244.0,672.6,101.2,262.9,-1,-1,-1,-1
494,108.0,1320.3,685.8,93.2,247.0,-1,-1,-1,-1
494,88.0,26.3,957.2,177.4,469.8,-1,-1,-1,-1
495,109.0,1203.5,677.4,98.6,264.3,-1,-1,-1,-1
495,108.0,1250.1,691.2,118.8,270.0,-1,-1,-1,-1
495,88.0,-30.6,959.9,181.6,488.7,-1,-1,-1,-1
496,109.0,1161.0,681.1,93.2,266.0,-1,-1,-1,-1
496,108.0,1204.9,696.6,116.1,271.3,-1,-1,-1,-1
497,109.0,1123.9,679.4,83.7,267.0,-1,-1,-1,-1
497,108.0,1166.4,695.2,110.7,268.7,-1,-1,-1,-1
498,109.0,1073.2,678.7,79.7,267.0,-1,-1,-1,-1
498,108.0,1117.1,686.5,113.4,287.5,-1,-1,-1,-1
499,109.0,1024.7,679.4,82.3,270.3,-1,-1,-1,-1
499,108.0,1072.6,692.6,114.8,284.8,-1,-1,-1,-1
500,109.0,973.4,678.0,90.5,275.1,-1,-1,-1,-1
500,108.0,1028.7,691.2,113.4,284.9,-1,-1,-1,-1
501,109.0,924.8,680.7,95.9,273.7,-1,-1,-1,-1
501,108.0,983.5,690.5,113.4,291.6,-1,-1,-1,-1
502,109.0,862.0,681.4,117.5,277.1,-1,-1,-1,-1
502,108.0,940.3,686.5,110.7,294.3,-1,-1,-1,-1
503,109.0,811.4,682.4,125.5,278.1,-1,-1,-1,-1
503,108.0,891.7,687.8,112.0,278.1,-1,-1,-1,-1
504,109.0,770.9,682.1,124.2,283.8,-1,-1,-1,-1
504,108.0,841.1,688.8,118.8,298.0,-1,-1,-1,-1
505,109.0,725.6,683.1,124.2,288.9,-1,-1,-1,-1
505,108.0,791.1,690.5,125.5,315.9,-1,-1,-1,-1
506,110.0,1757.7,652.4,86.4,176.5,-1,-1,-1,-1
506,109.0,677.7,686.1,125.5,294.0,-1,-1,-1,-1
506,108.0,731.7,693.9,140.4,325.4,-1,-1,-1,-1
507,110.0,1726.7,649.4,83.7,179.5,-1,-1,-1,-1
507,109.0,632.5,689.2,111.4,298.3,-1,-1,-1,-1
507,108.0,681.4,698.6,142.8,324.0,-1,-1,-1,-1
508,111.0,1772.6,658.5,86.4,192.0,-1,-1,-1,-1
508,110.0,1692.9,655.4,83.7,179.5,-1,-1,-1,-1
508,109.0,582.5,695.2,104.6,306.5,-1,-1,-1,-1
508,108.0,628.1,707.4,144.8,330.8,-1,-1,-1,-1
509,111.0,1738.8,658.1,83.7,195.8,-1,-1,-1,-1
509,110.0,1660.5,658.1,81.0,179.6,-1,-1,-1,-1
509,109.0,534.6,702.0,95.2,302.4,-1,-1,-1,-1
509,108.0,574.1,716.9,152.2,332.1,-1,-1,-1,-1
510,111.0,1701.0,660.2,86.4,197.1,-1,-1,-1,-1
510,110.0,1624.1,662.5,83.7,179.2,-1,-1,-1,-1
510,109.0,479.9,707.4,97.9,315.9,-1,-1,-1,-1
510,108.0,517.0,722.9,160.0,337.5,-1,-1,-1,-1
511,111.0,1665.9,663.5,86.4,198.5,-1,-1,-1,-1
511,110.0,1590.3,663.5,83.7,182.2,-1,-1,-1,-1
511,109.0,420.5,715.5,105.3,310.5,-1,-1,-1,-1
511,108.0,461.7,730.4,163.4,342.9,-1,-1,-1,-1
512,111.0,1633.5,667.2,83.7,198.8,-1,-1,-1,-1
512,110.0,1556.6,668.6,83.7,183.9,-1,-1,-1,-1
512,109.0,341.7,723.6,140.9,318.6,-1,-1,-1,-1
512,108.0,404.3,738.5,158.0,344.3,-1,-1,-1,-1
513,111.0,1599.8,666.2,83.7,203.8,-1,-1,-1,-1
513,110.0,1522.8,668.9,83.7,187.6,-1,-1,-1,-1
513,109.0,261.2,728.3,168.8,325.4,-1,-1,-1,-1
513,108.0,350.0,745.2,153.2,353.7,-1,-1,-1,-1
514,111.0,1567.4,668.9,83.7,206.5,-1,-1,-1,-1
514,110.0,1489.1,670.3,83.7,191.7,-1,-1,-1,-1
514,109.0,210.6,739.8,169.1,322.7,-1,-1,-1,-1
514,108.0,289.6,748.6,157.3,341.5,-1,-1,-1,-1
515,111.0,1533.6,668.2,83.7,212.0,-1,-1,-1,-1
515,110.0,1456.7,671.3,83.7,189.3,-1,-1,-1,-1
515,109.0,143.7,743.9,183.7,334.8,-1,-1,-1,-1
515,108.0,223.8,755.3,169.8,367.2,-1,-1,-1,-1
516,111.0,1501.2,667.6,83.7,216.0,-1,-1,-1,-1
516,110.0,1422.9,670.6,86.4,190.7,-1,-1,-1,-1
516,109.0,94.4,745.9,176.6,348.3,-1,-1,-1,-1
516,108.0,161.0,760.1,172.1,367.2,-1,-1,-1,-1
517,111.0,1467.5,668.9,83.7,216.0,-1,-1,-1,-1
517,110.0,1390.5,672.6,83.7,190.0,-1,-1,-1,-1
517,109.0,41.0,753.3,169.6,344.2,-1,-1,-1,-1
517,108.0,99.7,768.2,191.4,371.2,-1,-1,-1,-1
518,111.0,1435.1,673.7,83.7,205.2,-1,-1,-1,-1
518,110.0,1354.7,673.3,87.1,190.0,-1,-1,-1,-1
518,109.0,-0.9,756.0,114.3,325.3,-1,-1,-1,-1
518,108.0,35.9,773.6,193.3,380.7,-1,-1,-1,-1
519,124.0,1764.5,727.0,121.5,286.2,-1,-1,-1,-1
519,111.0,1402.7,672.3,83.7,210.6,-1,-1,-1,-1
519,110.0,1321.7,676.4,86.4,187.6,-1,-1,-1,-1
519,108.0,-29.5,782.3,200.5,390.2,-1,-1,-1,-1
520,124.0,1724.0,727.7,129.6,286.2,-1,-1,-1,-1
520,111.0,1369.6,675.0,84.4,217.4,-1,-1,-1,-1
520,110.0,1287.9,680.1,86.4,186.6,-1,-1,-1,-1
520,108.0,-58.3,785.7,174.4,413.1,-1,-1,-1,-1
521,124.0,1695.6,730.4,124.2,282.2,-1,-1,-1,-1
521,111.0,1336.5,677.0,85.1,220.0,-1,-1,-1,-1
521,110.0,1252.8,683.8,89.1,186.3,-1,-1,-1,-1
522,127.0,1376.3,570.7,54.7,106.0,-1,-1,-1,-1
522,124.0,1652.4,729.0,135.0,282.2,-1,-1,-1,-1
522,111.0,1304.1,677.7,86.4,220.0,-1,-1,-1,-1
522,110.0,1220.4,681.4,89.1,189.3,-1,-1,-1,-1
523,127.0,1350.7,570.4,57.4,106.0,-1,-1,-1,-1
523,124.0,1630.8,725.6,126.9,279.5,-1,-1,-1,-1
523,111.0,1272.4,677.7,86.4,220.0,-1,-1,-1,-1
523,110.0,1181.9,683.1,94.5,190.3,-1,-1,-1,-1
524,127.0,1325.7,569.4,59.4,107.3,-1,-1,-1,-1
524,124.0,1584.9,723.6,140.4,280.8,-1,-1,-1,-1
524,111.0,1239.3,676.0,87.8,224.4,-1,-1,-1,-1
524,110.0,1150.2,682.8,91.8,196.1,-1,-1,-1,-1
525,127.0,1300.7,569.4,59.4,108.0,-1,-1,-1,-1
525,124.0,1575.5,722.9,116.1,282.1,-1,-1,-1,-1
525,111.0,1204.9,675.0,90.5,228.2,-1,-1,-1,-1
525,110.0,1115.8,681.1,93.2,198.5,-1,-1,-1,-1
526,127.0,1277.1,569.7,60.8,107.3,-1,-1,-1,-1
526,124.0,1541.7,721.6,118.8,283.5,-1,-1,-1,-1
526,111.0,1173.2,675.3,89.1,231.2,-1,-1,-1,-1
526,110.0,1076.6,683.8,99.9,199.8,-1,-1,-1,-1
527,127.0,1252.1,570.0,60.8,108.0,-1,-1,-1,-1
527,124.0,1489.1,720.2,140.4,286.2,-1,-1,-1,-1
527,111.0,1136.7,678.4,94.5,232.2,-1,-1,-1,-1
527,110.0,1044.9,681.4,98.6,200.8,-1,-1,-1,-1
528,127.0,1228.5,572.1,59.4,108.0,-1,-1,-1,-1
528,124.0,1458.0,722.9,140.4,287.5,-1,-1,-1,-1
528,111.0,1102.3,681.8,97.2,234.9,-1,-1,-1,-1
528,110.0,1013.2,681.8,99.9,210.6,-1,-1,-1,-1
529,127.0,1205.6,572.4,54.0,107.3,-1,-1,-1,-1
529,124.0,1429.7,725.6,137.7,290.3,-1,-1,-1,-1
529,111.0,1061.8,685.8,105.3,237.6,-1,-1,-1,-1
529,110.0,980.8,687.2,99.9,213.3,-1,-1,-1,-1
530,127.0,1183.3,572.4,50.0,108.0,-1,-1,-1,-1
530,124.0,1412.1,729.0,129.6,293.0,-1,-1,-1,-1
530,111.0,1024.0,690.5,109.4,236.2,-1,-1,-1,-1
530,110.0,953.8,693.9,90.4,213.3,-1,-1,-1,-1
531,127.0,1161.0,573.1,47.2,106.7,-1,-1,-1,-1
531,124.0,1386.5,730.4,121.5,294.3,-1,-1,-1,-1
531,111.0,991.6,694.6,112.0,239.0,-1,-1,-1,-1
531,110.0,928.1,697.3,82.4,214.7,-1,-1,-1,-1
532,127.0,1139.4,573.8,45.9,108.7,-1,-1,-1,-1
532,124.0,1346.6,733.7,133.0,297.0,-1,-1,-1,-1
532,111.0,962.6,700.0,110.7,240.3,-1,-1,-1,-1
532,110.0,891.7,701.3,87.8,217.4,-1,-1,-1,-1
533,127.0,1117.8,573.1,44.6,110.0,-1,-1,-1,-1
533,124.0,1329.8,735.1,118.8,295.6,-1,-1,-1,-1
533,111.0,932.2,701.3,112.0,247.1,-1,-1,-1,-1
533,110.0,854.6,695.9,91.8,228.1,-1,-1,-1,-1
534,127.0,1095.5,574.4,44.6,110.7,-1,-1,-1,-1
534,124.0,1292.0,734.4,130.9,299.7,-1,-1,-1,-1
534,111.0,902.5,702.7,109.3,251.1,-1,-1,-1,-1
534,110.0,833.0,710.8,81.0,217.3,-1,-1,-1,-1
535,127.0,1073.2,574.4,45.9,112.0,-1,-1,-1,-1
535,124.0,1264.3,735.8,127.6,301.1,-1,-1,-1,-1
535,111.0,871.4,704.0,108.0,255.2,-1,-1,-1,-1
535,110.0,799.9,715.5,82.4,218.7,-1,-1,-1,-1
536,127.0,1053.7,574.8,45.9,112.0,-1,-1,-1,-1
536,124.0,1231.2,734.4,132.3,302.4,-1,-1,-1,-1
536,111.0,839.0,704.7,105.3,261.9,-1,-1,-1,-1
536,110.0,769.5,709.4,78.3,228.1,-1,-1,-1,-1
537,127.0,1032.1,574.1,47.2,112.0,-1,-1,-1,-1
537,124.0,1204.9,731.0,131.0,305.1,-1,-1,-1,-1
537,111.0,810.0,706.1,98.6,266.0,-1,-1,-1,-1
537,110.0,725.0,703.4,91.8,241.7,-1,-1,-1,-1
538,127.0,1011.8,577.5,48.6,113.7,-1,-1,-1,-1
538,124.0,1188.0,734.4,120.2,303.8,-1,-1,-1,-1
538,111.0,771.5,710.1,99.9,266.0,-1,-1,-1,-1
538,110.0,696.6,720.2,82.3,228.2,-1,-1,-1,-1
539,127.0,989.6,577.8,51.3,114.1,-1,-1,-1,-1
539,124.0,1165.1,733.7,116.1,302.4,-1,-1,-1,-1
539,111.0,736.4,711.5,102.6,275.4,-1,-1,-1,-1
539,110.0,652.1,725.0,91.8,229.5,-1,-1,-1,-1
540,127.0,971.3,579.8,51.3,114.8,-1,-1,-1,-1
540,124.0,1115.8,736.4,135.0,310.5,-1,-1,-1,-1
540,111.0,698.6,716.9,106.7,280.8,-1,-1,-1,-1
540,110.0,616.6,716.2,93.5,245.7,-1,-1,-1,-1
541,127.0,952.4,581.9,51.3,113.4,-1,-1,-1,-1
541,124.0,1113.1,741.2,110.7,310.5,-1,-1,-1,-1
541,111.0,666.2,723.6,104.0,290.2,-1,-1,-1,-1
541,110.0,571.7,721.6,106.6,251.1,-1,-1,-1,-1
542,127.0,931.5,583.2,54.0,115.4,-1,-1,-1,-1
542,124.0,1059.8,748.6,135.0,318.6,-1,-1,-1,-1
542,111.0,629.8,729.0,105.3,291.6,-1,-1,-1,-1
542,110.0,527.5,725.6,113.4,251.1,-1,-1,-1,-1
543,141.0,959.9,549.8,40.5,89.8,-1,-1,-1,-1
543,127.0,911.2,583.2,55.4,116.8,-1,-1,-1,-1
543,124.0,1034.1,752.0,135.0,313.2,-1,-1,-1,-1
543,111.0,592.7,735.8,108.7,293.0,-1,-1,-1,-1
543,110.0,494.1,737.1,118.1,243.0,-1,-1,-1,-1
544,127.0,889.0,586.9,59.4,119.1,-1,-1,-1,-1
544,124.0,1009.8,758.7,132.3,320.0,-1,-1,-1,-1
544,111.0,554.9,749.2,112.0,302.4,-1,-1,-1,-1
544,110.0,450.2,743.9,129.6,259.2,-1,-1,-1,-1
545,127.0,870.8,583.2,59.4,117.5,-1,-1,-1,-1
545,124.0,979.4,754.7,136.3,317.2,-1,-1,-1,-1
545,111.0,520.4,746.6,110.0,302.4,-1,-1,-1,-1
545,110.0,423.6,749.2,122.9,247.1,-1,-1,-1,-1
546,127.0,849.2,581.2,63.5,119.5,-1,-1,-1,-1
546,124.0,948.4,755.3,140.4,320.0,-1,-1,-1,-1
546,111.0,479.3,749.2,114.7,311.8,-1,-1,-1,-1
546,110.0,391.8,747.9,116.8,263.2,-1,-1,-1,-1
547,141.0,891.7,542.4,37.8,91.1,-1,-1,-1,-1
547,127.0,832.3,580.2,62.1,119.8,-1,-1,-1,-1
547,124.0,926.1,754.0,136.4,320.0,-1,-1,-1,-1
547,111.0,442.8,750.6,115.4,317.2,-1,-1,-1,-1
547,110.0,353.7,746.6,111.4,278.1,-1,-1,-1,-1
548,141.0,875.5,543.0,37.8,90.5,-1,-1,-1,-1
548,127.0,810.7,579.8,64.8,121.5,-1,-1,-1,-1
548,124.0,911.2,753.3,125.6,325.3,-1,-1,-1,-1
548,111.0,382.1,750.6,136.4,324.0,-1,-1,-1,-1
548,110.0,314.9,764.1,103.3,266.0,-1,-1,-1,-1
549,141.0,855.9,541.4,39.2,93.1,-1,-1,-1,-1
549,127.0,791.1,581.2,66.1,122.2,-1,-1,-1,-1
549,124.0,871.4,753.3,141.8,315.9,-1,-1,-1,-1
549,111.0,368.9,756.7,114.1,326.7,-1,-1,-1,-1
549,110.0,270.3,758.7,109.4,287.5,-1,-1,-1,-1
550,141.0,839.0,539.0,39.2,94.5,-1,-1,-1,-1
550,127.0,770.9,582.2,67.5,122.5,-1,-1,-1,-1
550,124.0,843.8,750.6,141.8,324.0,-1,-1,-1,-1
550,111.0,319.8,756.7,119.6,334.8,-1,-1,-1,-1
550,110.0,228.5,756.0,111.4,298.3,-1,-1,-1,-1
551,141.0,824.2,539.7,39.1,93.8,-1,-1,-1,-1
551,127.0,753.3,582.2,66.1,123.9,-1,-1,-1,-1
551,124.0,820.1,755.3,141.8,324.0,-1,-1,-1,-1
551,111.0,279.1,764.1,120.5,329.4,-1,-1,-1,-1
551,110.0,188.5,779.0,103.9,287.5,-1,-1,-1,-1
552,141.0,808.0,539.0,39.1,93.8,-1,-1,-1,-1
552,127.0,735.8,581.2,64.8,124.2,-1,-1,-1,-1
552,124.0,796.5,756.7,140.4,328.0,-1,-1,-1,-1
552,111.0,229.5,768.8,128.6,334.8,-1,-1,-1,-1
552,110.0,146.9,771.5,108.9,314.6,-1,-1,-1,-1
553,141.0,793.1,538.3,39.2,93.2,-1,-1,-1,-1
553,127.0,718.9,581.5,64.8,125.2,-1,-1,-1,-1
553,124.0,783.7,756.0,128.2,333.5,-1,-1,-1,-1
553,111.0,171.7,776.2,147.9,352.4,-1,-1,-1,-1
553,110.0,96.4,787.1,125.5,317.2,-1,-1,-1,-1
554,145.0,1502.6,531.6,24.3,73.6,-1,-1,-1,-1
554,141.0,776.9,537.0,39.1,95.8,-1,-1,-1,-1
554,127.0,702.0,581.9,62.1,124.9,-1,-1,-1,-1
554,124.0,757.4,762.1,131.0,337.5,-1,-1,-1,-1
554,111.0,117.2,786.4,160.6,345.6,-1,-1,-1,-1
554,110.0,53.3,783.7,121.5,333.4,-1,-1,-1,-1
555,145.0,1490.4,529.5,24.3,73.6,-1,-1,-1,-1
555,141.0,761.4,540.7,40.5,91.8,-1,-1,-1,-1
555,127.0,682.8,581.9,62.4,126.2,-1,-1,-1,-1
555,124.0,720.2,763.4,144.5,345.6,-1,-1,-1,-1
555,111.0,76.6,796.5,167.1,357.8,-1,-1,-1,-1
555,110.0,4.7,792.5,128.5,351.0,-1,-1,-1,-1
556,145.0,1476.9,526.8,27.0,74.2,-1,-1,-1,-1
556,141.0,745.9,537.6,40.5,92.5,-1,-1,-1,-1
556,127.0,662.9,579.5,63.5,128.6,-1,-1,-1,-1
556,124.0,691.9,764.1,144.5,348.3,-1,-1,-1,-1
556,111.0,35.4,801.2,154.3,414.5,-1,-1,-1,-1
556,110.0,-44.4,791.8,126.0,391.5,-1,-1,-1,-1
557,145.0,1463.4,521.1,29.7,87.8,-1,-1,-1,-1
557,141.0,731.0,534.6,40.5,94.5,-1,-1,-1,-1
557,127.0,645.0,578.5,61.8,128.9,-1,-1,-1,-1
557,124.0,673.7,764.8,135.0,344.2,-1,-1,-1,-1
557,111.0,-15.3,810.0,157.1,382.1,-1,-1,-1,-1
558,145.0,1454.0,522.8,27.0,85.7,-1,-1,-1,-1
558,141.0,716.2,530.5,40.5,97.2,-1,-1,-1,-1
558,127.0,626.4,577.5,62.1,129.9,-1,-1,-1,-1
558,124.0,651.7,762.8,130.6,336.2,-1,-1,-1,-1
559,145.0,1440.5,524.1,27.0,85.7,-1,-1,-1,-1
559,141.0,701.3,529.5,40.5,97.2,-1,-1,-1,-1
559,127.0,607.5,576.8,62.1,132.0,-1,-1,-1,-1
559,124.0,625.7,760.7,132.3,340.2,-1,-1,-1,-1
560,145.0,1429.7,520.1,27.0,83.7,-1,-1,-1,-1
560,141.0,685.5,529.5,42.2,97.2,-1,-1,-1,-1
560,127.0,595.0,577.8,58.7,133.6,-1,-1,-1,-1
560,124.0,594.0,759.4,139.1,344.2,-1,-1,-1,-1
561,145.0,1418.9,523.1,27.0,79.7,-1,-1,-1,-1
561,141.0,672.0,529.5,38.8,95.2,-1,-1,-1,-1
561,127.0,575.1,577.1,62.1,135.7,-1,-1,-1,-1
561,124.0,556.2,754.7,151.9,356.4,-1,-1,-1,-1
562,145.0,1408.1,521.8,27.0,80.3,-1,-1,-1,-1
562,141.0,658.1,532.6,39.8,93.2,-1,-1,-1,-1
562,127.0,558.6,580.8,62.8,135.3,-1,-1,-1,-1
562,124.0,538.7,754.7,143.1,356.4,-1,-1,-1,-1
563,145.0,1397.2,521.8,27.0,83.0,-1,-1,-1,-1
563,141.0,643.6,531.2,41.2,95.2,-1,-1,-1,-1
563,127.0,541.7,581.5,65.5,138.0,-1,-1,-1,-1
563,124.0,522.5,755.3,134.3,372.6,-1,-1,-1,-1
564,145.0,1387.8,520.1,27.0,80.3,-1,-1,-1,-1
564,141.0,630.5,531.6,39.8,96.5,-1,-1,-1,-1
564,127.0,527.5,584.2,64.1,136.7,-1,-1,-1,-1
564,124.0,495.1,757.4,136.4,369.9,-1,-1,-1,-1
565,145.0,1378.4,518.4,27.0,81.0,-1,-1,-1,-1
565,141.0,618.0,530.5,39.8,97.9,-1,-1,-1,-1
565,127.0,511.0,583.5,66.8,140.1,-1,-1,-1,-1
565,124.0,469.5,762.1,137.7,376.7,-1,-1,-1,-1
566,145.0,1368.2,519.1,27.7,79.0,-1,-1,-1,-1
566,141.0,604.5,533.9,37.8,94.5,-1,-1,-1,-1
566,127.0,492.4,583.9,70.2,141.1,-1,-1,-1,-1
566,124.0,438.8,768.2,145.8,372.6,-1,-1,-1,-1
567,145.0,1358.8,520.4,27.7,79.7,-1,-1,-1,-1
567,141.0,591.6,535.3,37.1,93.2,-1,-1,-1,-1
567,127.0,474.5,586.6,72.2,141.1,-1,-1,-1,-1
567,124.0,414.5,774.9,147.2,388.8,-1,-1,-1,-1
568,145.0,1349.3,518.7,28.3,83.0,-1,-1,-1,-1
568,141.0,579.5,536.0,35.8,93.8,-1,-1,-1,-1
568,127.0,461.0,587.9,70.2,141.8,-1,-1,-1,-1
568,124.0,383.1,781.7,154.6,384.8,-1,-1,-1,-1
569,145.0,1341.2,517.0,28.3,79.7,-1,-1,-1,-1
569,141.0,566.0,537.6,35.8,93.2,-1,-1,-1,-1
569,127.0,441.5,588.3,73.6,144.8,-1,-1,-1,-1
569,124.0,355.1,784.4,157.9,394.2,-1,-1,-1,-1
570,145.0,1333.1,520.1,28.4,81.0,-1,-1,-1,-1
570,141.0,553.8,538.0,38.5,93.1,-1,-1,-1,-1
570,127.0,420.5,587.9,78.3,145.8,-1,-1,-1,-1
570,124.0,328.1,787.7,161.3,391.5,-1,-1,-1,-1
571,145.0,1324.4,520.8,28.3,79.0,-1,-1,-1,-1
571,141.0,541.7,538.0,38.5,95.2,-1,-1,-1,-1
571,127.0,399.9,589.3,83.0,147.8,-1,-1,-1,-1
571,124.0,302.2,792.5,161.8,396.9,-1,-1,-1,-1
572,145.0,1317.6,519.4,27.0,80.3,-1,-1,-1,-1
572,141.0,529.2,534.9,39.8,99.2,-1,-1,-1,-1
572,127.0,383.4,590.6,83.7,149.9,-1,-1,-1,-1
572,124.0,271.7,794.5,166.7,398.3,-1,-1,-1,-1
573,146.0,1864.4,590.6,56.7,156.6,-1,-1,-1,-1
573,145.0,1309.5,519.8,29.7,83.7,-1,-1,-1,-1
573,141.0,518.1,534.6,39.8,97.2,-1,-1,-1,-1
573,127.0,367.9,593.7,82.4,148.8,-1,-1,-1,-1
573,124.0,249.1,793.1,163.7,406.4,-1,-1,-1,-1
574,146.0,1857.6,587.6,56.7,161.0,-1,-1,-1,-1
574,145.0,1302.1,520.1,29.7,83.0,-1,-1,-1,-1
574,141.0,506.9,527.2,40.5,104.0,-1,-1,-1,-1
574,127.0,351.0,595.4,83.7,149.2,-1,-1,-1,-1
574,124.0,206.9,795.2,178.9,415.8,-1,-1,-1,-1
575,146.0,1849.5,589.6,54.0,161.7,-1,-1,-1,-1
575,145.0,1294.0,523.5,31.0,87.1,-1,-1,-1,-1
575,141.0,495.1,513.7,41.9,117.5,-1,-1,-1,-1
575,127.0,335.0,594.0,83.5,151.9,-1,-1,-1,-1
575,124.0,174.8,795.2,184.3,413.1,-1,-1,-1,-1
576,146.0,1844.1,587.9,51.3,164.0,-1,-1,-1,-1
576,145.0,1287.9,521.1,31.1,90.5,-1,-1,-1,-1
576,141.0,481.3,516.4,43.2,118.1,-1,-1,-1,-1
576,127.0,317.9,597.7,85.0,153.6,-1,-1,-1,-1
576,124.0,143.7,799.9,186.0,419.9,-1,-1,-1,-1
577,146.0,1834.7,587.2,54.0,166.1,-1,-1,-1,-1
577,145.0,1280.5,524.5,32.4,87.8,-1,-1,-1,-1
577,141.0,469.8,516.4,43.2,117.5,-1,-1,-1,-1
577,127.0,300.9,597.4,85.9,154.6,-1,-1,-1,-1
577,124.0,123.6,802.6,178.8,426.6,-1,-1,-1,-1
578,146.0,1821.2,586.9,59.4,165.7,-1,-1,-1,-1
578,145.0,1274.4,519.8,31.1,91.1,-1,-1,-1,-1
578,141.0,460.0,514.4,41.9,118.8,-1,-1,-1,-1
578,127.0,286.4,597.7,84.9,155.6,-1,-1,-1,-1
578,124.0,99.0,810.0,177.1,429.3,-1,-1,-1,-1
579,146.0,1814.4,591.3,59.4,163.3,-1,-1,-1,-1
579,145.0,1269.7,523.1,31.1,89.1,-1,-1,-1,-1
579,141.0,450.2,523.8,43.2,110.0,-1,-1,-1,-1
579,127.0,270.2,597.0,83.9,156.9,-1,-1,-1,-1
579,124.0,58.2,816.8,190.7,430.7,-1,-1,-1,-1
580,146.0,1807.7,594.7,62.1,162.0,-1,-1,-1,-1
580,145.0,1264.3,522.5,31.1,90.5,-1,-1,-1,-1
580,141.0,438.4,525.2,42.5,110.7,-1,-1,-1,-1
580,127.0,254.3,598.1,82.7,160.0,-1,-1,-1,-1
580,124.0,35.2,824.2,183.9,425.2,-1,-1,-1,-1
581,146.0,1802.2,595.4,59.4,164.7,-1,-1,-1,-1
581,145.0,1260.2,523.8,29.7,89.8,-1,-1,-1,-1
581,127.0,239.1,598.4,81.7,161.7,-1,-1,-1,-1
581,124.0,3.7,828.9,187.0,432.0,-1,-1,-1,-1
582,146.0,1795.5,596.4,62.1,175.2,-1,-1,-1,-1
582,145.0,1256.2,521.4,28.3,89.1,-1,-1,-1,-1
582,127.0,223.3,599.1,81.7,163.0,-1,-1,-1,-1
582,124.0,-14.5,830.9,177.3,442.8,-1,-1,-1,-1
583,146.0,1791.5,601.4,62.1,164.0,-1,-1,-1,-1
583,145.0,1250.8,520.8,29.7,91.1,-1,-1,-1,-1
583,127.0,206.4,599.4,83.7,166.7,-1,-1,-1,-1
583,124.0,-34.1,834.3,166.9,426.6,-1,-1,-1,-1
584,146.0,1786.1,595.4,62.1,165.4,-1,-1,-1,-1
584,145.0,1248.8,521.1,27.0,84.4,-1,-1,-1,-1
584,127.0,190.7,599.7,85.4,170.4,-1,-1,-1,-1
584,124.0,-49.9,833.6,153.5,432.0,-1,-1,-1,-1
585,146.0,1783.4,593.7,59.4,163.0,-1,-1,-1,-1
585,145.0,1243.4,520.8,28.3,85.7,-1,-1,-1,-1
585,127.0,176.2,603.8,86.4,173.1,-1,-1,-1,-1
585,124.0,-81.9,834.3,158.2,448.2,-1,-1,-1,-1
586,146.0,1779.3,591.3,48.6,158.6,-1,-1,-1,-1
586,145.0,1240.0,519.4,28.3,88.4,-1,-1,-1,-1
586,127.0,158.8,605.1,90.8,173.1,-1,-1,-1,-1
587,146.0,1776.6,588.3,51.3,161.0,-1,-1,-1,-1
587,145.0,1235.9,517.7,29.7,87.8,-1,-1,-1,-1
587,127.0,142.4,607.2,95.5,174.5,-1,-1,-1,-1
588,146.0,1773.9,584.6,54.0,166.7,-1,-1,-1,-1
588,145.0,1233.9,519.1,28.3,85.7,-1,-1,-1,-1
588,127.0,128.2,609.9,96.5,175.2,-1,-1,-1,-1
589,146.0,1769.9,583.5,56.7,166.4,-1,-1,-1,-1
589,145.0,1231.9,520.4,28.4,85.7,-1,-1,-1,-1
589,127.0,111.2,610.9,101.4,178.2,-1,-1,-1,-1
590,146.0,1768.5,581.5,59.4,172.5,-1,-1,-1,-1
590,145.0,1229.2,519.8,28.3,87.1,-1,-1,-1,-1
590,127.0,95.9,612.2,103.2,179.5,-1,-1,-1,-1
591,146.0,1765.8,581.9,59.4,173.5,-1,-1,-1,-1
591,145.0,1225.8,517.0,29.7,91.8,-1,-1,-1,-1
591,127.0,80.9,613.6,105.9,182.2,-1,-1,-1,-1
592,146.0,1764.5,578.8,59.4,173.8,-1,-1,-1,-1
592,145.0,1223.8,515.0,31.1,92.5,-1,-1,-1,-1
592,127.0,64.5,615.6,108.9,185.0,-1,-1,-1,-1
593,147.0,329.2,532.6,46.7,104.0,-1,-1,-1,-1
593,146.0,1761.8,582.2,64.8,175.2,-1,-1,-1,-1
593,145.0,1223.8,516.4,29.7,92.5,-1,-1,-1,-1
593,127.0,49.9,616.3,109.6,187.7,-1,-1,-1,-1
594,147.0,326.2,533.6,46.4,105.3,-1,-1,-1,-1
594,146.0,1759.1,581.2,67.5,176.8,-1,-1,-1,-1
594,145.0,1222.4,514.7,31.1,95.2,-1,-1,-1,-1
594,127.0,39.7,618.3,107.7,191.7,-1,-1,-1,-1
595,147.0,321.5,533.9,45.7,104.0,-1,-1,-1,-1
595,146.0,1756.4,586.2,72.9,175.2,-1,-1,-1,-1
595,145.0,1224.5,519.1,29.7,91.8,-1,-1,-1,-1
595,127.0,24.1,619.7,109.5,194.4,-1,-1,-1,-1
596,147.0,316.9,533.9,46.2,107.3,-1,-1,-1,-1
596,146.0,1756.4,584.2,75.6,175.2,-1,-1,-1,-1
596,145.0,1225.1,517.7,29.7,91.8,-1,-1,-1,-1
596,127.0,12.7,623.4,110.1,197.4,-1,-1,-1,-1
597,147.0,312.5,532.6,47.2,106.7,-1,-1,-1,-1
597,146.0,1761.8,587.6,75.6,175.2,-1,-1,-1,-1
597,145.0,1223.8,513.0,33.8,98.6,-1,-1,-1,-1
597,127.0,-0.2,624.4,110.4,199.8,-1,-1,-1,-1
598,147.0,308.1,537.3,47.9,107.3,-1,-1,-1,-1
598,146.0,1763.1,581.2,78.3,177.5,-1,-1,-1,-1
598,145.0,1223.8,511.0,35.1,100.6,-1,-1,-1,-1
598,127.0,-4.9,634.2,103.1,201.5,-1,-1,-1,-1
599,147.0,304.4,536.3,48.6,108.7,-1,-1,-1,-1
599,146.0,1767.2,581.9,78.3,177.5,-1,-1,-1,-1
599,145.0,1224.5,516.7,36.4,93.2,-1,-1,-1,-1
599,127.0,-9.4,639.2,95.5,201.1,-1,-1,-1,-1
600,147.0,301.9,537.6,48.1,109.4,-1,-1,-1,-1
600,146.0,1771.2,580.5,78.3,180.9,-1,-1,-1,-1
600,145.0,1227.8,518.1,35.1,91.8,-1,-1,-1,-1
600,127.0,-21.4,642.9,95.0,204.9,-1,-1,-1,-1
601,147.0,298.5,538.7,47.8,110.0,-1,-1,-1,-1
601,146.0,1776.6,576.5,75.6,185.0,-1,-1,-1,-1
601,145.0,1230.5,518.7,33.8,91.1,-1,-1,-1,-1
601,127.0,-29.8,647.0,92.1,203.5,-1,-1,-1,-1
602,148.0,284.3,499.5,25.3,60.1,-1,-1,-1,-1
602,147.0,295.1,539.7,49.3,111.4,-1,-1,-1,-1
602,146.0,1782.0,573.4,72.9,186.6,-1,-1,-1,-1
602,145.0,1233.9,518.4,32.4,91.8,-1,-1,-1,-1
602,127.0,-47.8,646.7,98.7,206.5,-1,-1,-1,-1
603,148.0,281.8,500.9,25.7,58.7,-1,-1,-1,-1
603,147.0,291.9,540.3,49.3,110.0,-1,-1,-1,-1
603,146.0,1787.4,573.8,67.5,186.3,-1,-1,-1,-1
603,145.0,1234.6,518.7,32.4,92.5,-1,-1,-1,-1
603,127.0,-57.6,648.7,93.8,209.2,-1,-1,-1,-1
604,148.0,279.5,499.8,26.0,61.4,-1,-1,-1,-1
604,147.0,288.4,543.7,51.0,110.0,-1,-1,-1,-1
604,146.0,1796.9,574.4,59.4,187.6,-1,-1,-1,-1
604,145.0,1236.6,518.1,32.4,93.8,-1,-1,-1,-1
605,148.0,278.3,503.2,24.0,58.0,-1,-1,-1,-1
605,147.0,285.0,543.7,51.3,109.3,-1,-1,-1,-1
605,146.0,1791.5,575.4,67.5,187.3,-1,-1,-1,-1
605,145.0,1238.0,517.7,33.8,93.8,-1,-1,-1,-1
606,148.0,275.6,501.9,24.0,60.1,-1,-1,-1,-1
606,147.0,282.5,544.4,52.0,109.4,-1,-1,-1,-1
606,146.0,1800.9,574.8,62.1,185.3,-1,-1,-1,-1
606,145.0,1241.3,515.7,33.8,95.9,-1,-1,-1,-1
607,148.0,274.4,502.9,23.3,57.4,-1,-1,-1,-1
607,147.0,280.1,543.7,53.3,109.3,-1,-1,-1,-1
607,146.0,1798.2,577.1,70.2,190.4,-1,-1,-1,-1
607,145.0,1246.1,515.7,31.1,95.2,-1,-1,-1,-1
608,148.0,273.0,499.2,24.0,59.4,-1,-1,-1,-1
608,147.0,277.6,542.4,54.3,109.4,-1,-1,-1,-1
608,146.0,1805.0,583.2,70.2,191.0,-1,-1,-1,-1
608,145.0,1248.8,516.4,31.1,96.5,-1,-1,-1,-1
609,148.0,270.3,497.1,24.6,60.1,-1,-1,-1,-1
609,147.0,275.6,540.0,52.6,110.7,-1,-1,-1,-1
609,146.0,1807.7,581.9,72.9,194.4,-1,-1,-1,-1
609,145.0,1251.5,517.0,31.0,95.9,-1,-1,-1,-1
610,148.0,267.6,488.7,26.7,64.8,-1,-1,-1,-1
610,147.0,272.7,536.6,52.3,110.7,-1,-1,-1,-1
610,146.0,1811.7,583.2,75.6,191.7,-1,-1,-1,-1
610,145.0,1254.8,517.7,31.0,95.8,-1,-1,-1,-1
611,148.0,265.8,484.3,28.4,70.9,-1,-1,-1,-1
611,147.0,270.2,535.6,51.6,112.1,-1,-1,-1,-1
611,146.0,1818.5,588.3,75.6,193.4,-1,-1,-1,-1
611,145.0,1257.5,514.4,31.1,100.6,-1,-1,-1,-1
612,148.0,263.1,480.6,28.0,71.6,-1,-1,-1,-1
612,147.0,267.8,534.3,52.7,112.0,-1,-1,-1,-1
612,146.0,1822.5,590.6,75.6,189.7,-1,-1,-1,-1
612,145.0,1260.2,516.0,31.0,100.6,-1,-1,-1,-1
613,148.0,261.6,483.3,27.3,68.2,-1,-1,-1,-1
613,147.0,264.6,531.2,53.7,113.4,-1,-1,-1,-1
613,146.0,1826.6,592.7,78.3,192.4,-1,-1,-1,-1
613,145.0,1262.9,516.0,31.1,100.6,-1,-1,-1,-1
614,148.0,259.4,480.3,28.7,70.9,-1,-1,-1,-1
614,147.0,262.9,530.2,52.0,114.8,-1,-1,-1,-1
614,146.0,1832.0,596.0,86.4,209.2,-1,-1,-1,-1
614,145.0,1266.3,519.8,31.1,99.2,-1,-1,-1,-1
615,148.0,256.7,477.9,29.0,71.5,-1,-1,-1,-1
615,147.0,259.2,531.2,52.0,114.1,-1,-1,-1,-1
615,146.0,1836.0,600.8,78.3,203.9,-1,-1,-1,-1
615,145.0,1268.3,522.8,32.4,99.9,-1,-1,-1,-1
616,148.0,255.3,479.3,28.0,72.2,-1,-1,-1,-1
616,147.0,256.5,532.9,51.0,114.1,-1,-1,-1,-1
616,146.0,1842.8,603.1,75.6,208.2,-1,-1,-1,-1
616,145.0,1269.0,524.8,35.1,103.3,-1,-1,-1,-1
617,149.0,308.6,468.5,21.3,47.2,-1,-1,-1,-1
617,148.0,253.5,480.6,28.7,71.6,-1,-1,-1,-1
617,147.0,253.6,534.3,49.3,113.4,-1,-1,-1,-1
617,146.0,1846.8,603.8,67.5,214.3,-1,-1,-1,-1
617,145.0,1273.1,529.9,33.8,100.6,-1,-1,-1,-1
618,149.0,307.6,469.5,20.9,46.6,-1,-1,-1,-1
618,148.0,250.8,479.6,29.0,73.6,-1,-1,-1,-1
618,147.0,250.3,533.9,48.9,114.8,-1,-1,-1,-1
618,146.0,1852.2,606.5,67.5,210.9,-1,-1,-1,-1
618,145.0,1275.8,533.2,33.8,100.6,-1,-1,-1,-1
619,149.0,306.3,469.5,21.9,47.2,-1,-1,-1,-1
619,148.0,248.9,478.6,28.3,74.9,-1,-1,-1,-1
619,147.0,248.1,538.7,49.3,111.4,-1,-1,-1,-1
619,146.0,1860.3,605.5,70.2,214.6,-1,-1,-1,-1
619,145.0,1278.5,532.2,32.4,101.3,-1,-1,-1,-1
620,149.0,306.1,470.8,21.9,45.9,-1,-1,-1,-1
620,148.0,246.5,479.6,28.7,74.9,-1,-1,-1,-1
620,147.0,245.7,537.6,50.3,112.7,-1,-1,-1,-1
620,146.0,1865.7,608.5,70.2,215.0,-1,-1,-1,-1
620,145.0,1280.5,530.9,33.8,105.3,-1,-1,-1,-1
621,148.0,246.2,480.3,27.7,74.9,-1,-1,-1,-1
621,147.0,243.5,536.0,49.6,116.8,-1,-1,-1,-1
621,146.0,1871.1,608.9,72.9,214.6,-1,-1,-1,-1
621,145.0,1283.9,532.6,33.8,101.9,-1,-1,-1,-1
622,147.0,241.0,536.6,49.6,116.1,-1,-1,-1,-1
622,146.0,1877.9,613.2,70.2,214.3,-1,-1,-1,-1
622,145.0,1287.2,533.9,33.8,104.6,-1,-1,-1,-1
623,147.0,238.6,539.3,51.3,116.8,-1,-1,-1,-1
623,145.0,1290.6,531.6,35.1,109.4,-1,-1,-1,-1
624,147.0,236.9,537.0,50.6,116.8,-1,-1,-1,-1
624,145.0,1294.7,532.9,36.5,108.7,-1,-1,-1,-1
625,149.0,303.1,479.9,20.2,46.6,-1,-1,-1,-1
625,147.0,235.6,541.7,52.3,119.5,-1,-1,-1,-1
625,145.0,1300.7,537.3,35.1,106.7,-1,-1,-1,-1
626,149.0,303.9,476.6,20.2,45.9,-1,-1,-1,-1
626,147.0,234.7,538.3,52.3,119.5,-1,-1,-1,-1
626,145.0,1304.8,534.3,37.8,107.3,-1,-1,-1,-1
627,149.0,303.9,482.3,20.9,45.9,-1,-1,-1,-1
627,147.0,233.7,544.7,52.3,121.5,-1,-1,-1,-1
627,145.0,1310.2,533.9,39.2,107.3,-1,-1,-1,-1
628,149.0,306.8,482.3,19.9,45.2,-1,-1,-1,-1
628,147.0,233.7,545.1,53.7,120.8,-1,-1,-1,-1
628,145.0,1316.9,538.7,39.2,106.0,-1,-1,-1,-1
629,149.0,307.3,486.0,20.2,47.9,-1,-1,-1,-1
629,147.0,234.4,553.2,48.9,119.5,-1,-1,-1,-1
629,145.0,1322.3,533.2,41.8,108.0,-1,-1,-1,-1
630,149.0,310.0,487.0,21.3,46.6,-1,-1,-1,-1
630,147.0,235.4,554.5,50.3,118.8,-1,-1,-1,-1
630,145.0,1331.1,534.6,41.8,106.6,-1,-1,-1,-1
631,149.0,312.9,485.3,20.9,47.2,-1,-1,-1,-1
631,147.0,236.1,554.2,52.7,119.5,-1,-1,-1,-1
631,145.0,1337.9,533.6,41.8,109.3,-1,-1,-1,-1
632,149.0,315.7,487.7,21.3,46.6,-1,-1,-1,-1
632,148.0,247.2,502.2,26.7,68.9,-1,-1,-1,-1
632,147.0,237.1,555.5,54.3,120.2,-1,-1,-1,-1
632,145.0,1344.6,533.9,44.5,112.7,-1,-1,-1,-1
633,149.0,318.9,488.4,20.2,45.9,-1,-1,-1,-1
633,148.0,246.9,502.2,29.0,73.6,-1,-1,-1,-1
633,147.0,236.9,555.9,58.1,122.9,-1,-1,-1,-1
633,145.0,1352.7,534.6,43.2,113.4,-1,-1,-1,-1
634,149.0,321.0,490.7,20.2,45.2,-1,-1,-1,-1
634,148.0,249.1,507.3,28.0,69.5,-1,-1,-1,-1
634,147.0,237.6,555.5,59.1,124.2,-1,-1,-1,-1
634,145.0,1360.8,535.3,43.2,112.7,-1,-1,-1,-1
635,149.0,325.0,488.0,19.9,45.9,-1,-1,-1,-1
635,148.0,250.9,502.9,27.0,72.2,-1,-1,-1,-1
635,147.0,239.8,553.2,57.4,125.5,-1,-1,-1,-1
635,145.0,1369.6,536.6,41.2,112.7,-1,-1,-1,-1
636,149.0,327.4,493.8,21.3,45.2,-1,-1,-1,-1
636,148.0,250.6,506.9,29.4,74.9,-1,-1,-1,-1
636,147.0,241.7,556.9,56.7,126.2,-1,-1,-1,-1
636,145.0,1379.0,539.7,42.5,115.4,-1,-1,-1,-1
637,149.0,331.1,492.8,20.9,46.6,-1,-1,-1,-1
637,148.0,252.1,504.6,29.4,76.3,-1,-1,-1,-1
637,147.0,244.5,557.9,53.7,125.5,-1,-1,-1,-1
637,145.0,1389.2,543.0,40.5,116.1,-1,-1,-1,-1
638,149.0,334.3,496.1,21.1,46.6,-1,-1,-1,-1
638,148.0,255.2,512.3,27.7,72.2,-1,-1,-1,-1
638,147.0,247.4,560.9,51.6,126.2,-1,-1,-1,-1
638,145.0,1398.6,543.0,40.5,118.8,-1,-1,-1,-1
639,149.0,338.2,495.8,20.9,47.9,-1,-1,-1,-1
639,148.0,256.2,509.3,29.7,76.3,-1,-1,-1,-1
639,147.0,249.2,559.9,53.0,128.9,-1,-1,-1,-1
639,145.0,1409.4,546.8,40.5,121.5,-1,-1,-1,-1
640,149.0,341.4,498.2,21.1,45.2,-1,-1,-1,-1
640,148.0,258.9,512.7,29.0,75.6,-1,-1,-1,-1
640,147.0,251.3,562.6,53.7,128.2,-1,-1,-1,-1
640,145.0,1420.2,549.1,37.8,118.8,-1,-1,-1,-1
641,149.0,345.9,498.8,20.2,46.6,-1,-1,-1,-1
641,148.0,261.7,512.7,28.0,74.9,-1,-1,-1,-1
641,147.0,253.8,565.3,53.3,127.9,-1,-1,-1,-1
641,145.0,1429.7,551.5,40.5,120.1,-1,-1,-1,-1
642,149.0,350.7,497.5,20.2,47.9,-1,-1,-1,-1
642,148.0,263.8,512.7,28.7,75.6,-1,-1,-1,-1
642,147.0,256.5,565.7,52.0,128.9,-1,-1,-1,-1
642,145.0,1441.8,556.2,37.8,113.4,-1,-1,-1,-1
643,149.0,354.4,498.5,20.2,45.9,-1,-1,-1,-1
643,148.0,265.8,512.3,29.0,75.6,-1,-1,-1,-1
643,147.0,257.9,569.4,50.3,125.9,-1,-1,-1,-1
643,145.0,1452.6,559.9,40.5,117.5,-1,-1,-1,-1
644,149.0,358.1,498.2,20.2,46.6,-1,-1,-1,-1
644,148.0,269.3,515.4,28.4,70.9,-1,-1,-1,-1
644,147.0,260.7,569.7,50.6,127.6,-1,-1,-1,-1
644,145.0,1463.4,562.6,40.5,118.8,-1,-1,-1,-1
645,149.0,363.5,499.2,19.6,45.2,-1,-1,-1,-1
645,148.0,273.4,518.7,27.0,66.8,-1,-1,-1,-1
645,147.0,264.6,571.4,50.0,126.6,-1,-1,-1,-1
645,145.0,1474.2,563.6,43.2,120.2,-1,-1,-1,-1
646,149.0,367.2,499.5,20.2,45.9,-1,-1,-1,-1
646,148.0,276.2,518.7,28.4,70.9,-1,-1,-1,-1
646,147.0,266.8,572.1,51.3,127.2,-1,-1,-1,-1
646,145.0,1486.4,563.0,43.2,122.9,-1,-1,-1,-1
647,149.0,372.9,499.5,19.6,45.9,-1,-1,-1,-1
647,148.0,280.1,513.0,28.0,72.9,-1,-1,-1,-1
647,147.0,269.0,570.7,53.7,128.6,-1,-1,-1,-1
647,145.0,1498.5,565.3,43.2,122.2,-1,-1,-1,-1
648,149.0,376.7,499.5,20.9,47.9,-1,-1,-1,-1
648,148.0,283.8,516.0,28.3,69.5,-1,-1,-1,-1
648,147.0,273.2,572.1,53.7,127.9,-1,-1,-1,-1
648,145.0,1509.3,565.7,45.9,135.0,-1,-1,-1,-1
649,149.0,382.1,494.8,21.6,47.9,-1,-1,-1,-1
649,148.0,287.0,509.3,29.7,74.3,-1,-1,-1,-1
649,147.0,278.6,561.6,52.3,132.3,-1,-1,-1,-1
649,145.0,1522.8,569.7,45.9,133.0,-1,-1,-1,-1
650,149.0,385.4,498.2,22.3,47.2,-1,-1,-1,-1
650,148.0,290.2,514.4,29.0,72.9,-1,-1,-1,-1
650,147.0,283.2,566.3,52.0,133.0,-1,-1,-1,-1
650,145.0,1532.2,565.7,48.6,135.7,-1,-1,-1,-1
651,148.0,293.5,513.0,30.7,73.6,-1,-1,-1,-1
651,147.0,291.6,568.0,49.6,134.7,-1,-1,-1,-1
651,145.0,1547.1,566.7,51.3,139.4,-1,-1,-1,-1
652,147.0,298.4,557.5,47.6,135.0,-1,-1,-1,-1
652,145.0,1566.0,567.7,48.6,126.2,-1,-1,-1,-1
653,147.0,304.9,559.2,46.1,138.0,-1,-1,-1,-1
653,145.0,1582.2,562.6,48.6,124.9,-1,-1,-1,-1
654,149.0,410.4,493.4,20.9,47.2,-1,-1,-1,-1
654,147.0,311.2,563.6,45.9,135.7,-1,-1,-1,-1
654,145.0,1597.1,557.2,51.3,133.0,-1,-1,-1,-1
655,149.0,418.2,492.1,22.3,46.6,-1,-1,-1,-1
655,148.0,314.2,506.9,33.1,77.6,-1,-1,-1,-1
655,147.0,317.9,562.3,46.9,135.0,-1,-1,-1,-1
655,145.0,1614.6,560.2,51.3,124.2,-1,-1,-1,-1
656,149.0,426.6,498.5,21.6,47.9,-1,-1,-1,-1
656,148.0,319.3,513.0,34.1,82.4,-1,-1,-1,-1
656,147.0,322.3,573.1,50.6,135.0,-1,-1,-1,-1
656,145.0,1630.8,555.2,54.0,132.3,-1,-1,-1,-1
657,149.0,436.7,500.9,20.9,47.9,-1,-1,-1,-1
657,148.0,327.9,516.0,34.3,83.0,-1,-1,-1,-1
657,147.0,327.4,576.5,57.4,135.0,-1,-1,-1,-1
657,145.0,1656.5,565.3,48.6,118.1,-1,-1,-1,-1
658,149.0,442.5,502.5,22.3,48.6,-1,-1,-1,-1
658,148.0,332.8,519.8,33.8,83.0,-1,-1,-1,-1
658,147.0,333.1,581.2,57.4,133.6,-1,-1,-1,-1
658,145.0,1674.0,568.4,51.3,131.6,-1,-1,-1,-1
659,149.0,450.9,517.0,22.9,47.3,-1,-1,-1,-1
659,148.0,338.7,532.6,35.9,84.4,-1,-1,-1,-1
659,147.0,339.4,596.0,60.9,135.0,-1,-1,-1,-1
659,145.0,1697.0,585.6,48.6,125.9,-1,-1,-1,-1
660,149.0,456.0,513.7,22.3,47.3,-1,-1,-1,-1
660,148.0,343.4,530.5,33.2,82.4,-1,-1,-1,-1
660,147.0,343.4,592.7,62.3,137.0,-1,-1,-1,-1
660,145.0,1711.8,594.7,51.3,135.0,-1,-1,-1,-1
661,149.0,459.7,513.0,24.3,47.9,-1,-1,-1,-1
661,148.0,348.6,533.2,32.4,81.0,-1,-1,-1,-1
661,147.0,350.0,595.0,62.1,135.3,-1,-1,-1,-1
661,145.0,1726.7,599.4,54.0,137.0,-1,-1,-1,-1
662,149.0,467.4,513.0,22.3,47.2,-1,-1,-1,-1
662,148.0,352.0,532.9,33.1,80.3,-1,-1,-1,-1
662,147.0,360.5,598.1,60.8,130.3,-1,-1,-1,-1
662,145.0,1751.0,603.8,54.0,144.1,-1,-1,-1,-1
663,149.0,473.9,511.0,21.6,47.3,-1,-1,-1,-1
663,148.0,354.0,530.5,35.8,81.7,-1,-1,-1,-1
663,147.0,371.2,598.1,58.7,128.2,-1,-1,-1,-1
663,145.0,1769.9,612.6,54.0,140.1,-1,-1,-1,-1
664,149.0,480.6,505.6,23.0,48.6,-1,-1,-1,-1
664,148.0,360.5,526.5,35.8,80.3,-1,-1,-1,-1
664,147.0,379.0,595.0,59.4,127.2,-1,-1,-1,-1
664,145.0,1792.8,623.4,48.6,129.3,-1,-1,-1,-1
665,149.0,487.4,505.9,23.0,48.6,-1,-1,-1,-1
665,148.0,367.2,527.5,32.4,80.3,-1,-1,-1,-1
665,147.0,384.8,596.7,62.8,126.9,-1,-1,-1,-1
665,145.0,1809.0,623.4,54.0,132.6,-1,-1,-1,-1
666,149.0,495.1,501.2,21.6,48.6,-1,-1,-1,-1
666,148.0,372.6,521.4,33.1,82.4,-1,-1,-1,-1
666,147.0,398.9,592.7,58.7,124.2,-1,-1,-1,-1
666,145.0,1830.6,630.5,54.0,135.0,-1,-1,-1,-1
667,149.0,501.5,500.2,21.6,49.3,-1,-1,-1,-1
667,148.0,378.7,520.4,33.1,83.0,-1,-1,-1,-1
667,147.0,394.2,591.0,74.9,128.6,-1,-1,-1,-1
667,145.0,1853.6,634.5,51.3,131.0,-1,-1,-1,-1
668,149.0,506.9,500.2,22.3,49.3,-1,-1,-1,-1
668,148.0,382.4,520.1,33.8,84.4,-1,-1,-1,-1
668,147.0,399.6,589.6,79.7,132.6,-1,-1,-1,-1
669,149.0,515.0,497.5,21.6,47.9,-1,-1,-1,-1
669,148.0,389.8,516.0,31.7,83.7,-1,-1,-1,-1
669,147.0,405.0,580.8,87.8,137.4,-1,-1,-1,-1
670,149.0,521.4,493.4,22.3,49.9,-1,-1,-1,-1
670,148.0,394.5,512.7,33.1,84.4,-1,-1,-1,-1
670,147.0,415.8,575.1,93.1,142.4,-1,-1,-1,-1
671,149.0,526.8,490.4,23.6,51.3,-1,-1,-1,-1
671,148.0,401.0,510.0,32.4,84.4,-1,-1,-1,-1
671,147.0,427.3,570.7,93.8,146.8,-1,-1,-1,-1
672,149.0,535.6,490.4,20.9,47.2,-1,-1,-1,-1
672,148.0,403.7,506.6,35.8,85.7,-1,-1,-1,-1
672,147.0,437.1,567.7,96.5,148.5,-1,-1,-1,-1
673,149.0,541.0,490.4,22.3,48.6,-1,-1,-1,-1
673,148.0,410.7,507.6,34.4,84.4,-1,-1,-1,-1
673,147.0,457.7,564.3,88.4,152.5,-1,-1,-1,-1
674,149.0,549.1,481.6,21.6,49.9,-1,-1,-1,-1
674,148.0,417.2,499.8,35.1,85.0,-1,-1,-1,-1
674,147.0,482.0,576.5,77.0,135.0,-1,-1,-1,-1
675,156.0,588.6,479.9,20.9,44.6,-1,-1,-1,-1
675,155.0,1102.3,492.1,25.7,75.6,-1,-1,-1,-1
675,149.0,555.5,477.2,22.3,49.3,-1,-1,-1,-1
675,148.0,422.6,493.4,35.8,87.8,-1,-1,-1,-1
675,147.0,498.5,573.8,75.6,133.7,-1,-1,-1,-1
676,149.0,559.9,480.9,22.3,49.9,-1,-1,-1,-1
676,148.0,425.2,497.8,37.8,88.4,-1,-1,-1,-1
676,147.0,510.6,575.8,79.0,139.0,-1,-1,-1,-1
677,149.0,569.4,478.2,22.3,49.9,-1,-1,-1,-1
677,148.0,434.4,494.4,37.1,89.1,-1,-1,-1,-1
677,147.0,527.2,569.0,79.7,138.4,-1,-1,-1,-1
678,149.0,575.1,480.3,22.3,50.6,-1,-1,-1,-1
678,148.0,437.1,495.8,37.8,91.1,-1,-1,-1,-1
678,147.0,528.5,568.0,89.8,147.5,-1,-1,-1,-1
679,149.0,581.9,490.4,22.3,49.3,-1,-1,-1,-1
679,148.0,444.2,506.9,35.8,90.4,-1,-1,-1,-1
679,147.0,542.4,577.8,92.5,145.8,-1,-1,-1,-1
680,149.0,590.3,485.0,23.0,51.3,-1,-1,-1,-1
680,148.0,449.2,501.2,37.1,91.8,-1,-1,-1,-1
680,147.0,547.1,572.7,104.6,149.5,-1,-1,-1,-1
681,149.0,591.3,509.0,23.6,54.0,-1,-1,-1,-1
681,147.0,560.9,595.4,101.2,155.9,-1,-1,-1,-1
682,147.0,587.6,620.0,93.2,146.8,-1,-1,-1,-1
683,147.0,601.4,593.0,71.5,144.1,-1,-1,-1,-1
684,147.0,620.3,584.2,84.4,146.1,-1,-1,-1,-1
685,149.0,613.6,493.4,21.6,49.3,-1,-1,-1,-1
685,148.0,466.4,513.0,37.8,91.8,-1,-1,-1,-1
685,147.0,644.0,581.2,80.3,147.8,-1,-1,-1,-1
686,149.0,621.3,485.7,20.9,47.9,-1,-1,-1,-1
686,148.0,472.5,505.9,36.4,89.8,-1,-1,-1,-1
686,147.0,651.7,573.4,82.7,146.8,-1,-1,-1,-1
687,149.0,626.4,483.0,23.0,50.6,-1,-1,-1,-1
687,148.0,477.6,503.6,36.4,91.1,-1,-1,-1,-1
687,147.0,658.5,571.7,86.7,149.8,-1,-1,-1,-1
688,149.0,632.5,479.9,23.0,52.0,-1,-1,-1,-1
688,148.0,482.3,502.2,36.4,91.1,-1,-1,-1,-1
688,147.0,660.5,567.3,98.9,153.6,-1,-1,-1,-1
689,156.0,670.3,475.9,21.6,52.0,-1,-1,-1,-1
689,149.0,638.2,478.2,23.6,52.0,-1,-1,-1,-1
689,148.0,487.0,500.9,36.5,91.8,-1,-1,-1,-1
689,147.0,673.0,565.7,99.9,155.9,-1,-1,-1,-1
690,156.0,677.7,473.5,20.2,50.6,-1,-1,-1,-1
690,149.0,645.3,476.6,22.3,49.9,-1,-1,-1,-1
690,148.0,488.0,496.5,42.5,94.5,-1,-1,-1,-1
690,147.0,690.2,565.3,100.2,153.6,-1,-1,-1,-1
691,156.0,683.1,472.5,21.6,51.3,-1,-1,-1,-1
691,149.0,650.7,474.5,22.3,50.6,-1,-1,-1,-1
691,148.0,492.4,495.5,41.9,94.5,-1,-1,-1,-1
691,147.0,702.7,565.7,102.6,155.2,-1,-1,-1,-1
692,156.0,690.2,472.8,21.9,54.0,-1,-1,-1,-1
692,149.0,657.1,473.9,22.3,52.0,-1,-1,-1,-1
692,148.0,499.2,492.8,40.5,95.9,-1,-1,-1,-1
692,147.0,718.9,572.1,101.2,152.2,-1,-1,-1,-1
693,156.0,696.6,471.2,21.6,53.3,-1,-1,-1,-1
693,149.0,664.9,472.8,21.6,52.0,-1,-1,-1,-1
693,148.0,503.6,493.1,41.9,95.8,-1,-1,-1,-1
693,147.0,741.2,574.8,95.8,151.5,-1,-1,-1,-1
694,156.0,700.7,474.9,21.6,54.7,-1,-1,-1,-1
694,149.0,668.9,477.2,22.3,52.0,-1,-1,-1,-1
694,148.0,507.9,496.1,40.5,97.2,-1,-1,-1,-1
694,147.0,766.1,581.5,87.8,150.2,-1,-1,-1,-1
695,156.0,707.4,475.9,23.0,54.0,-1,-1,-1,-1
695,149.0,675.0,478.2,23.6,52.6,-1,-1,-1,-1
695,148.0,513.7,497.1,40.5,97.9,-1,-1,-1,-1
695,147.0,789.8,584.6,81.0,153.9,-1,-1,-1,-1
696,156.0,714.2,475.5,23.0,54.7,-1,-1,-1,-1
696,149.0,681.1,477.6,23.0,52.0,-1,-1,-1,-1
696,148.0,519.4,496.5,39.1,96.5,-1,-1,-1,-1
696,147.0,802.6,582.9,85.0,156.3,-1,-1,-1,-1
697,156.0,719.6,478.9,21.6,54.7,-1,-1,-1,-1
697,149.0,686.1,479.3,22.6,52.6,-1,-1,-1,-1
697,148.0,524.8,497.1,37.1,97.9,-1,-1,-1,-1
697,147.0,810.7,581.2,97.2,160.6,-1,-1,-1,-1
698,156.0,725.6,478.2,23.0,54.7,-1,-1,-1,-1
698,149.0,691.9,479.6,23.0,52.0,-1,-1,-1,-1
698,148.0,529.2,495.8,37.8,98.6,-1,-1,-1,-1
698,147.0,824.2,581.2,101.2,163.3,-1,-1,-1,-1
699,156.0,732.4,477.9,21.6,56.0,-1,-1,-1,-1
699,149.0,698.0,478.6,23.0,53.3,-1,-1,-1,-1
699,148.0,530.2,492.1,41.8,101.9,-1,-1,-1,-1
699,147.0,838.4,583.9,104.0,162.7,-1,-1,-1,-1
700,156.0,737.1,482.6,21.6,54.0,-1,-1,-1,-1
700,149.0,702.0,481.3,23.0,52.6,-1,-1,-1,-1
700,148.0,532.6,496.1,43.9,101.2,-1,-1,-1,-1
700,147.0,854.6,587.9,106.6,164.0,-1,-1,-1,-1
701,156.0,743.9,482.3,20.2,53.3,-1,-1,-1,-1
701,149.0,708.1,480.9,23.0,53.3,-1,-1,-1,-1
701,148.0,538.7,495.8,41.8,102.6,-1,-1,-1,-1
701,147.0,871.4,591.6,108.0,164.4,-1,-1,-1,-1
702,162.0,732.4,485.0,18.9,50.6,-1,-1,-1,-1
702,156.0,748.6,482.0,21.6,54.7,-1,-1,-1,-1
702,149.0,714.2,480.6,23.0,53.3,-1,-1,-1,-1
702,148.0,543.0,496.8,43.2,103.9,-1,-1,-1,-1
702,147.0,897.1,598.1,98.6,162.7,-1,-1,-1,-1
703,162.0,737.8,486.7,18.9,48.6,-1,-1,-1,-1
703,156.0,755.3,482.6,20.2,54.0,-1,-1,-1,-1
703,149.0,720.2,480.9,21.6,52.6,-1,-1,-1,-1
703,148.0,545.4,496.8,45.9,102.6,-1,-1,-1,-1
703,147.0,937.6,605.5,75.6,160.6,-1,-1,-1,-1
704,162.0,741.2,490.7,18.9,47.9,-1,-1,-1,-1
704,156.0,757.4,487.0,23.0,52.7,-1,-1,-1,-1
704,149.0,722.9,484.3,24.3,54.7,-1,-1,-1,-1
704,148.0,548.8,499.5,44.5,106.0,-1,-1,-1,-1
704,147.0,954.5,611.9,75.6,161.0,-1,-1,-1,-1
705,162.0,745.9,489.7,18.9,48.6,-1,-1,-1,-1
705,156.0,762.8,488.0,20.2,52.6,-1,-1,-1,-1
705,149.0,729.0,484.3,21.6,54.0,-1,-1,-1,-1
705,148.0,554.5,504.2,41.9,101.3,-1,-1,-1,-1
705,147.0,968.0,612.2,81.0,164.7,-1,-1,-1,-1
706,156.0,767.5,487.0,21.6,52.7,-1,-1,-1,-1
706,149.0,732.4,486.7,23.0,54.0,-1,-1,-1,-1
706,148.0,556.5,505.9,44.5,101.3,-1,-1,-1,-1
706,147.0,973.4,614.2,94.5,171.5,-1,-1,-1,-1
707,156.0,769.5,488.4,23.0,56.7,-1,-1,-1,-1
707,149.0,735.1,488.7,23.0,54.7,-1,-1,-1,-1
707,148.0,557.9,508.6,43.9,103.3,-1,-1,-1,-1
707,147.0,982.8,612.2,102.6,174.1,-1,-1,-1,-1
708,156.0,774.2,492.8,21.6,55.4,-1,-1,-1,-1
708,149.0,739.1,493.1,23.0,52.6,-1,-1,-1,-1
708,148.0,559.2,511.0,45.9,105.3,-1,-1,-1,-1
708,147.0,995.6,613.9,109.3,175.8,-1,-1,-1,-1
709,156.0,778.3,494.4,21.6,54.0,-1,-1,-1,-1
709,149.0,743.2,493.8,22.9,54.7,-1,-1,-1,-1
709,148.0,563.6,518.1,43.2,103.3,-1,-1,-1,-1
709,147.0,1010.5,612.9,117.5,179.5,-1,-1,-1,-1
710,156.0,782.3,502.5,21.6,55.4,-1,-1,-1,-1
710,149.0,749.2,501.9,21.6,53.3,-1,-1,-1,-1
710,148.0,567.3,521.4,42.5,106.7,-1,-1,-1,-1
710,147.0,1023.3,625.7,124.2,182.2,-1,-1,-1,-1
711,156.0,785.0,501.9,21.6,56.0,-1,-1,-1,-1
711,149.0,750.6,502.2,21.6,53.3,-1,-1,-1,-1
711,148.0,568.4,525.8,43.2,106.0,-1,-1,-1,-1
711,147.0,1045.6,621.7,118.8,180.9,-1,-1,-1,-1
712,156.0,789.8,506.3,21.6,53.3,-1,-1,-1,-1
712,149.0,754.7,505.2,23.0,54.7,-1,-1,-1,-1
712,148.0,570.0,530.9,44.5,106.0,-1,-1,-1,-1
712,147.0,1066.5,631.5,116.1,182.6,-1,-1,-1,-1
713,156.0,791.8,502.5,21.6,54.7,-1,-1,-1,-1
713,149.0,756.7,503.2,22.9,54.0,-1,-1,-1,-1
713,148.0,571.1,529.5,44.5,107.3,-1,-1,-1,-1
713,147.0,1092.8,630.1,108.0,179.2,-1,-1,-1,-1
714,156.0,796.5,509.6,20.2,54.7,-1,-1,-1,-1
714,149.0,762.1,511.3,21.6,54.0,-1,-1,-1,-1
714,148.0,575.1,541.7,43.9,104.6,-1,-1,-1,-1
714,147.0,1127.9,636.2,94.5,177.2,-1,-1,-1,-1
715,156.0,799.9,509.6,20.2,55.4,-1,-1,-1,-1
715,149.0,764.8,509.6,21.6,55.4,-1,-1,-1,-1
715,148.0,576.5,538.3,43.2,108.0,-1,-1,-1,-1
715,147.0,1136.7,633.2,103.9,185.0,-1,-1,-1,-1
716,156.0,801.9,509.3,20.2,56.0,-1,-1,-1,-1
716,149.0,766.8,510.0,21.6,54.7,-1,-1,-1,-1
716,148.0,578.5,542.0,42.5,106.7,-1,-1,-1,-1
716,147.0,1152.2,627.1,108.0,193.0,-1,-1,-1,-1
717,167.0,789.1,515.0,17.5,50.6,-1,-1,-1,-1
717,156.0,806.0,509.0,20.2,58.7,-1,-1,-1,-1
717,149.0,769.5,511.3,23.0,54.0,-1,-1,-1,-1
717,148.0,577.1,542.0,45.9,109.3,-1,-1,-1,-1
717,147.0,1173.2,626.1,106.7,195.4,-1,-1,-1,-1
718,167.0,791.1,515.7,17.5,51.3,-1,-1,-1,-1
718,166.0,1441.8,523.1,29.7,72.9,-1,-1,-1,-1
718,156.0,808.7,511.0,20.2,56.7,-1,-1,-1,-1
718,149.0,772.2,511.7,23.0,56.0,-1,-1,-1,-1
718,148.0,580.2,545.4,44.5,110.0,-1,-1,-1,-1
718,147.0,1192.7,623.4,108.0,202.8,-1,-1,-1,-1
719,167.0,794.5,513.0,18.9,54.0,-1,-1,-1,-1
719,166.0,1448.6,530.9,29.7,74.2,-1,-1,-1,-1
719,156.0,812.0,510.6,21.6,57.4,-1,-1,-1,-1
719,149.0,776.9,511.3,21.6,54.7,-1,-1,-1,-1
719,148.0,580.2,541.7,46.6,110.0,-1,-1,-1,-1
719,147.0,1206.2,630.8,114.8,202.8,-1,-1,-1,-1
720,167.0,795.8,514.4,18.9,54.0,-1,-1,-1,-1
720,166.0,1454.0,525.5,29.7,77.0,-1,-1,-1,-1
720,156.0,814.1,511.7,21.6,59.4,-1,-1,-1,-1
720,149.0,777.6,514.0,24.3,55.4,-1,-1,-1,-1
720,148.0,580.8,546.4,46.6,112.0,-1,-1,-1,-1
720,147.0,1225.8,631.1,120.2,206.6,-1,-1,-1,-1
721,167.0,799.9,515.0,18.9,54.0,-1,-1,-1,-1
721,166.0,1460.7,529.5,29.7,74.9,-1,-1,-1,-1
721,156.0,818.8,510.3,21.6,61.4,-1,-1,-1,-1
721,149.0,782.3,514.7,23.0,56.0,-1,-1,-1,-1
721,148.0,583.5,545.4,47.2,113.4,-1,-1,-1,-1
721,147.0,1248.1,637.9,116.1,205.2,-1,-1,-1,-1
722,167.0,803.2,514.0,18.9,56.0,-1,-1,-1,-1
722,166.0,1467.5,530.5,29.7,74.3,-1,-1,-1,-1
722,156.0,821.5,512.0,21.6,60.8,-1,-1,-1,-1
722,149.0,785.0,516.0,24.3,54.7,-1,-1,-1,-1
722,148.0,584.9,547.8,47.2,115.4,-1,-1,-1,-1
722,147.0,1275.8,647.0,110.7,203.5,-1,-1,-1,-1
723,167.0,807.3,513.7,18.9,56.0,-1,-1,-1,-1
723,166.0,1475.6,532.9,29.7,74.2,-1,-1,-1,-1
723,156.0,826.2,511.7,21.6,61.4,-1,-1,-1,-1
723,149.0,789.8,515.0,23.0,55.3,-1,-1,-1,-1
723,148.0,588.3,546.4,46.6,116.1,-1,-1,-1,-1
723,147.0,1310.2,656.8,99.2,198.5,-1,-1,-1,-1
724,167.0,810.0,525.2,20.2,54.7,-1,-1,-1,-1
724,166.0,1481.0,538.0,29.7,74.9,-1,-1,-1,-1
724,156.0,828.9,521.8,21.6,61.4,-1,-1,-1,-1
724,149.0,791.8,523.8,23.0,56.7,-1,-1,-1,-1
724,148.0,587.9,556.2,47.9,118.1,-1,-1,-1,-1
724,147.0,1340.6,666.2,97.2,201.1,-1,-1,-1,-1
725,167.0,813.4,524.1,18.9,55.4,-1,-1,-1,-1
725,166.0,1489.1,534.9,29.7,78.3,-1,-1,-1,-1
725,156.0,833.0,523.8,21.6,58.1,-1,-1,-1,-1
725,149.0,795.8,523.1,23.0,57.4,-1,-1,-1,-1
725,148.0,587.9,556.9,49.9,118.8,-1,-1,-1,-1
725,147.0,1369.6,667.9,95.2,205.5,-1,-1,-1,-1
726,167.0,818.1,524.5,20.2,54.7,-1,-1,-1,-1
726,166.0,1494.5,543.0,32.4,77.6,-1,-1,-1,-1
726,156.0,837.0,522.8,21.6,56.7,-1,-1,-1,-1
726,149.0,799.2,522.8,24.3,57.4,-1,-1,-1,-1
726,148.0,589.3,554.5,50.6,120.2,-1,-1,-1,-1
726,147.0,1383.8,672.0,102.6,213.6,-1,-1,-1,-1
727,167.0,820.8,529.9,20.2,56.0,-1,-1,-1,-1
727,166.0,1499.9,542.0,32.4,77.0,-1,-1,-1,-1
727,156.0,839.7,529.2,21.6,57.4,-1,-1,-1,-1
727,149.0,801.2,528.5,24.3,58.0,-1,-1,-1,-1
727,148.0,587.2,564.0,52.7,119.5,-1,-1,-1,-1
727,147.0,1404.0,669.3,108.0,216.3,-1,-1,-1,-1
728,167.0,824.9,529.9,20.2,56.0,-1,-1,-1,-1
728,166.0,1508.0,552.2,32.4,77.0,-1,-1,-1,-1
728,156.0,844.4,528.2,21.6,57.4,-1,-1,-1,-1
728,149.0,806.0,527.9,24.3,58.7,-1,-1,-1,-1
728,148.0,591.0,559.9,50.6,121.5,-1,-1,-1,-1
728,147.0,1409.4,680.7,129.6,225.8,-1,-1,-1,-1
729,167.0,826.9,527.2,21.6,56.7,-1,-1,-1,-1
729,166.0,1513.4,550.1,32.4,76.3,-1,-1,-1,-1
729,156.0,846.5,526.8,21.6,58.7,-1,-1,-1,-1
729,149.0,807.3,526.5,25.6,58.7,-1,-1,-1,-1
729,148.0,593.0,559.2,49.9,122.2,-1,-1,-1,-1
729,147.0,1429.7,677.7,145.8,226.8,-1,-1,-1,-1
730,167.0,831.6,530.5,20.2,57.4,-1,-1,-1,-1
730,166.0,1522.8,554.5,32.4,77.6,-1,-1,-1,-1
730,156.0,850.5,527.9,23.0,60.8,-1,-1,-1,-1
730,149.0,811.4,528.9,25.6,59.4,-1,-1,-1,-1
730,148.0,596.7,563.6,49.3,122.9,-1,-1,-1,-1
730,147.0,1452.6,685.1,153.9,236.2,-1,-1,-1,-1
731,167.0,833.0,528.9,21.6,58.1,-1,-1,-1,-1
731,166.0,1528.2,556.2,32.4,78.3,-1,-1,-1,-1
731,156.0,853.2,525.8,24.3,62.1,-1,-1,-1,-1
731,149.0,814.1,526.8,27.0,60.8,-1,-1,-1,-1
731,148.0,596.4,559.9,52.6,124.9,-1,-1,-1,-1
731,147.0,1483.7,695.2,143.1,232.2,-1,-1,-1,-1
732,167.0,836.3,527.5,21.6,58.7,-1,-1,-1,-1
732,166.0,1533.6,555.2,35.1,78.3,-1,-1,-1,-1
732,156.0,856.6,525.5,23.0,62.1,-1,-1,-1,-1
732,149.0,817.4,526.8,25.6,60.1,-1,-1,-1,-1
732,148.0,598.1,561.3,51.3,125.5,-1,-1,-1,-1
732,147.0,1501.2,702.7,148.5,232.2,-1,-1,-1,-1
733,167.0,839.7,528.9,21.6,58.1,-1,-1,-1,-1
733,166.0,1539.0,554.5,35.1,76.3,-1,-1,-1,-1
733,156.0,858.6,524.8,24.3,62.8,-1,-1,-1,-1
733,149.0,820.1,526.5,25.7,59.4,-1,-1,-1,-1
733,148.0,600.4,561.6,51.3,126.9,-1,-1,-1,-1
733,147.0,1555.2,706.1,121.5,232.2,-1,-1,-1,-1
734,167.0,843.1,525.2,20.2,58.7,-1,-1,-1,-1
734,166.0,1544.4,555.9,37.8,79.7,-1,-1,-1,-1
734,156.0,864.0,523.5,21.6,56.7,-1,-1,-1,-1
734,149.0,824.2,524.5,25.6,59.4,-1,-1,-1,-1
734,148.0,601.8,554.9,51.3,128.9,-1,-1,-1,-1
734,147.0,1590.3,706.1,110.7,241.6,-1,-1,-1,-1
735,167.0,844.4,524.5,20.2,59.4,-1,-1,-1,-1
735,166.0,1548.5,550.5,37.8,81.0,-1,-1,-1,-1
735,156.0,864.7,521.8,22.9,60.8,-1,-1,-1,-1
735,149.0,825.5,523.8,25.7,60.1,-1,-1,-1,-1
735,148.0,602.1,557.2,51.3,131.6,-1,-1,-1,-1
735,147.0,1607.9,700.7,124.2,247.0,-1,-1,-1,-1
736,167.0,848.5,522.5,21.6,58.0,-1,-1,-1,-1
736,166.0,1557.9,551.5,35.1,82.3,-1,-1,-1,-1
736,156.0,868.7,519.4,23.0,63.5,-1,-1,-1,-1
736,149.0,828.2,522.8,27.0,58.0,-1,-1,-1,-1
736,148.0,604.5,553.5,50.6,133.7,-1,-1,-1,-1
736,147.0,1629.5,708.8,137.7,248.4,-1,-1,-1,-1
737,166.0,1563.3,547.8,35.1,83.7,-1,-1,-1,-1
737,156.0,870.8,518.7,23.0,62.8,-1,-1,-1,-1
737,149.0,829.6,521.1,27.0,58.0,-1,-1,-1,-1
737,148.0,605.8,555.2,50.6,133.7,-1,-1,-1,-1
737,147.0,1656.5,704.7,137.7,256.5,-1,-1,-1,-1
738,166.0,1567.4,552.5,35.1,82.4,-1,-1,-1,-1
738,156.0,872.1,520.8,23.0,61.4,-1,-1,-1,-1
738,149.0,832.3,523.5,25.7,58.0,-1,-1,-1,-1
738,148.0,605.1,556.9,52.0,134.3,-1,-1,-1,-1
738,147.0,1687.5,711.5,137.7,260.6,-1,-1,-1,-1
739,166.0,1575.5,553.2,32.4,83.0,-1,-1,-1,-1
739,156.0,874.1,520.8,23.0,62.8,-1,-1,-1,-1
739,149.0,833.0,523.1,27.0,59.4,-1,-1,-1,-1
739,148.0,605.5,559.6,52.0,134.3,-1,-1,-1,-1
739,147.0,1718.6,716.9,145.8,264.6,-1,-1,-1,-1
740,166.0,1580.9,554.2,32.4,83.0,-1,-1,-1,-1
740,156.0,875.5,521.4,23.0,62.8,-1,-1,-1,-1
740,149.0,835.7,523.5,27.0,60.1,-1,-1,-1,-1
740,148.0,604.8,561.9,52.6,134.0,-1,-1,-1,-1
740,147.0,1748.2,722.2,151.2,270.0,-1,-1,-1,-1
741,166.0,1589.0,557.2,29.7,81.0,-1,-1,-1,-1
741,156.0,877.5,522.8,23.0,62.8,-1,-1,-1,-1
741,149.0,838.4,523.8,27.0,62.1,-1,-1,-1,-1
741,148.0,605.1,563.6,54.0,134.3,-1,-1,-1,-1
741,147.0,1780.7,733.7,143.1,267.3,-1,-1,-1,-1
742,166.0,1595.7,562.3,29.7,81.0,-1,-1,-1,-1
742,156.0,878.9,524.1,24.3,65.5,-1,-1,-1,-1
742,149.0,841.1,526.8,25.6,60.8,-1,-1,-1,-1
742,148.0,604.8,565.3,55.3,136.0,-1,-1,-1,-1
742,147.0,1821.2,743.9,126.9,268.7,-1,-1,-1,-1
743,166.0,1599.8,564.3,29.7,81.0,-1,-1,-1,-1
743,156.0,880.2,524.8,24.3,66.8,-1,-1,-1,-1
743,149.0,842.4,527.9,25.7,60.8,-1,-1,-1,-1
743,148.0,603.8,567.0,56.7,136.4,-1,-1,-1,-1
744,167.0,862.0,531.2,21.6,58.7,-1,-1,-1,-1
744,166.0,1603.8,565.0,29.7,82.3,-1,-1,-1,-1
744,156.0,880.2,524.5,24.3,67.5,-1,-1,-1,-1
744,149.0,841.7,528.5,27.0,60.8,-1,-1,-1,-1
744,148.0,601.1,566.3,58.7,141.1,-1,-1,-1,-1
745,166.0,1609.2,564.6,29.7,81.7,-1,-1,-1,-1
745,156.0,880.2,524.5,24.3,68.2,-1,-1,-1,-1
745,149.0,841.7,529.2,27.0,60.8,-1,-1,-1,-1
745,148.0,599.4,568.4,58.7,140.4,-1,-1,-1,-1
746,166.0,1610.6,568.7,32.4,83.0,-1,-1,-1,-1
746,156.0,880.9,524.5,24.3,70.2,-1,-1,-1,-1
746,149.0,842.4,529.5,27.0,61.4,-1,-1,-1,-1
746,148.0,595.7,567.7,60.8,142.4,-1,-1,-1,-1
747,166.0,1617.3,567.7,29.7,83.7,-1,-1,-1,-1
747,156.0,882.2,524.8,23.0,70.2,-1,-1,-1,-1
747,149.0,842.4,530.5,27.0,61.4,-1,-1,-1,-1
747,148.0,596.4,570.7,60.1,143.4,-1,-1,-1,-1
748,166.0,1622.7,565.7,29.7,85.0,-1,-1,-1,-1
748,156.0,883.6,523.8,23.0,70.2,-1,-1,-1,-1
748,149.0,843.8,529.5,27.0,62.1,-1,-1,-1,-1
748,148.0,594.7,569.0,61.4,145.8,-1,-1,-1,-1
749,166.0,1625.4,566.0,32.4,85.0,-1,-1,-1,-1
749,156.0,884.2,524.1,23.0,69.5,-1,-1,-1,-1
749,149.0,844.4,528.9,27.0,62.8,-1,-1,-1,-1
749,148.0,595.0,570.7,60.1,144.8,-1,-1,-1,-1
750,166.0,1632.2,563.6,32.4,88.4,-1,-1,-1,-1
750,156.0,886.3,524.5,21.6,68.2,-1,-1,-1,-1
750,149.0,845.8,528.9,25.7,62.1,-1,-1,-1,-1
750,148.0,594.7,571.1,60.1,146.5,-1,-1,-1,-1
