264,10.0,1131.3,396.9,130.9,341.5,-1,-1,-1,-1
264,9.0,1022.0,383.4,191.7,388.1,-1,-1,-1,-1
264,8.0,1821.2,422.9,99.9,214.0,-1,-1,-1,-1
264,7.0,1541.7,418.2,89.1,287.2,-1,-1,-1,-1
264,6.0,1686.2,524.1,75.6,200.8,-1,-1,-1,-1
264,5.0,1314.9,431.3,91.8,282.8,-1,-1,-1,-1
264,4.0,1395.9,373.3,145.8,342.9,-1,-1,-1,-1
264,3.0,978.1,327.2,182.3,521.9,-1,-1,-1,-1
264,2.0,819.5,349.7,199.8,486.7,-1,-1,-1,-1
264,1.0,1163.7,305.9,186.3,490.6,-1,-1,-1,-1
265,10.0,1123.2,393.5,148.5,349.0,-1,-1,-1,-1
265,9.0,1046.9,385.1,163.3,380.4,-1,-1,-1,-1
265,8.0,1822.5,424.2,97.2,211.3,-1,-1,-1,-1
265,7.0,1543.1,418.5,89.1,287.6,-1,-1,-1,-1
265,6.0,1688.9,524.8,81.0,200.1,-1,-1,-1,-1
265,5.0,1316.2,431.3,93.2,281.5,-1,-1,-1,-1
265,4.0,1404.0,374.6,140.4,340.9,-1,-1,-1,-1
265,3.0,989.6,327.5,175.5,522.3,-1,-1,-1,-1
265,2.0,823.5,349.7,202.5,487.3,-1,-1,-1,-1
265,1.0,1171.1,307.0,189.0,489.5,-1,-1,-1,-1
266,10.0,1138.1,397.6,139.1,345.6,-1,-1,-1,-1
266,9.0,1059.8,383.4,120.2,367.2,-1,-1,-1,-1
266,8.0,1823.9,424.6,94.5,211.3,-1,-1,-1,-1
266,7.0,1543.1,418.5,89.1,287.6,-1,-1,-1,-1
266,6.0,1691.6,525.2,81.0,201.8,-1,-1,-1,-1
266,5.0,1321.7,430.7,91.8,282.2,-1,-1,-1,-1
266,4.0,1408.1,376.0,140.4,340.2,-1,-1,-1,-1
266,3.0,1003.1,327.5,178.2,522.3,-1,-1,-1,-1
266,2.0,834.3,350.3,194.4,486.0,-1,-1,-1,-1
266,1.0,1179.2,308.5,189.0,488.7,-1,-1,-1,-1
267,10.0,1144.8,398.2,137.7,341.6,-1,-1,-1,-1
267,9.0,1069.2,382.1,114.8,351.7,-1,-1,-1,-1
267,8.0,1823.9,424.2,97.2,209.9,-1,-1,-1,-1
267,7.0,1545.8,418.2,86.4,287.2,-1,-1,-1,-1
267,6.0,1695.6,527.5,81.0,200.1,-1,-1,-1,-1
267,5.0,1328.4,428.6,89.1,278.1,-1,-1,-1,-1
267,4.0,1412.1,376.7,140.4,340.2,-1,-1,-1,-1
267,3.0,1016.6,332.4,207.9,515.4,-1,-1,-1,-1
267,2.0,860.6,351.7,174.2,475.2,-1,-1,-1,-1
267,1.0,1186.7,311.5,185.0,483.6,-1,-1,-1,-1
268,10.0,1151.6,395.6,133.7,351.0,-1,-1,-1,-1
268,9.0,1071.2,381.4,122.9,357.1,-1,-1,-1,-1
268,8.0,1826.6,423.2,97.2,209.3,-1,-1,-1,-1
268,7.0,1547.1,417.8,86.4,288.2,-1,-1,-1,-1
268,6.0,1699.7,527.2,81.0,200.5,-1,-1,-1,-1
268,5.0,1330.4,427.6,89.8,277.8,-1,-1,-1,-1
268,4.0,1414.8,380.7,137.7,336.2,-1,-1,-1,-1
268,3.0,1023.3,332.6,226.8,515.9,-1,-1,-1,-1
268,2.0,877.5,350.3,163.3,470.5,-1,-1,-1,-1
268,1.0,1194.8,314.6,172.8,481.9,-1,-1,-1,-1
269,10.0,1151.6,397.6,133.7,344.2,-1,-1,-1,-1
269,9.0,1085.4,381.7,118.8,363.5,-1,-1,-1,-1
269,8.0,1829.2,422.2,94.5,210.6,-1,-1,-1,-1
269,7.0,1548.5,419.2,86.4,286.9,-1,-1,-1,-1
269,6.0,1707.8,526.5,78.3,201.8,-1,-1,-1,-1
269,5.0,1337.9,427.3,89.1,278.8,-1,-1,-1,-1
269,4.0,1420.2,383.1,135.0,333.8,-1,-1,-1,-1
269,3.0,1026.7,337.0,244.3,508.1,-1,-1,-1,-1
269,2.0,899.8,347.6,152.6,468.5,-1,-1,-1,-1
269,1.0,1204.9,316.9,166.1,474.2,-1,-1,-1,-1
270,10.0,1169.1,396.9,124.2,334.8,-1,-1,-1,-1
270,8.0,1829.2,421.9,97.2,210.6,-1,-1,-1,-1
270,7.0,1551.2,420.5,83.7,286.2,-1,-1,-1,-1
270,6.0,1711.8,524.8,75.6,202.8,-1,-1,-1,-1
270,5.0,1340.6,428.6,91.8,278.1,-1,-1,-1,-1
270,4.0,1424.2,384.1,129.6,332.8,-1,-1,-1,-1
270,3.0,1030.7,336.2,244.4,506.2,-1,-1,-1,-1
270,2.0,908.6,346.3,143.1,469.1,-1,-1,-1,-1
270,1.0,1212.3,319.6,162.0,467.4,-1,-1,-1,-1
271,10.0,1170.5,395.6,121.5,345.6,-1,-1,-1,-1
271,8.0,1833.3,420.5,94.5,212.0,-1,-1,-1,-1
271,7.0,1551.2,421.9,86.4,284.9,-1,-1,-1,-1
271,6.0,1714.5,522.5,81.0,205.9,-1,-1,-1,-1
271,5.0,1343.2,429.3,97.2,276.1,-1,-1,-1,-1
271,4.0,1427.0,384.4,126.9,331.1,-1,-1,-1,-1
271,3.0,1035.5,333.5,240.3,509.0,-1,-1,-1,-1
271,2.0,914.6,347.0,140.4,468.5,-1,-1,-1,-1
271,1.0,1215.7,317.8,163.3,460.5,-1,-1,-1,-1
272,10.0,1186.0,395.6,106.6,348.3,-1,-1,-1,-1
272,8.0,1837.4,420.2,94.5,212.0,-1,-1,-1,-1
272,7.0,1553.9,423.2,86.4,282.8,-1,-1,-1,-1
272,6.0,1715.9,522.5,97.2,206.5,-1,-1,-1,-1
272,5.0,1348.7,430.3,105.3,274.4,-1,-1,-1,-1
272,4.0,1431.0,384.8,118.8,322.7,-1,-1,-1,-1
272,3.0,1049.6,332.4,230.9,508.6,-1,-1,-1,-1
272,2.0,926.1,346.6,148.5,467.4,-1,-1,-1,-1
272,1.0,1225.8,317.1,167.4,460.5,-1,-1,-1,-1
273,10.0,1188.7,393.5,110.7,349.0,-1,-1,-1,-1
273,8.0,1840.1,421.2,91.8,210.6,-1,-1,-1,-1
273,7.0,1555.2,424.6,89.1,280.1,-1,-1,-1,-1
273,6.0,1715.9,523.5,102.6,205.5,-1,-1,-1,-1
273,5.0,1349.3,432.0,114.1,272.7,-1,-1,-1,-1
273,4.0,1433.7,385.4,113.4,319.9,-1,-1,-1,-1
273,3.0,1067.2,331.8,214.7,509.3,-1,-1,-1,-1
273,2.0,932.9,347.6,164.7,467.1,-1,-1,-1,-1
273,1.0,1228.5,316.4,175.5,459.8,-1,-1,-1,-1
274,10.0,1204.2,393.5,103.9,342.2,-1,-1,-1,-1
274,9.0,1099.6,329.1,116.1,402.6,-1,-1,-1,-1
274,8.0,1841.4,422.9,94.5,209.9,-1,-1,-1,-1
274,7.0,1556.6,425.6,91.8,279.1,-1,-1,-1,-1
274,6.0,1724.0,526.8,97.2,202.2,-1,-1,-1,-1
274,5.0,1355.4,434.0,113.4,270.0,-1,-1,-1,-1
274,4.0,1437.8,384.8,102.6,321.3,-1,-1,-1,-1
274,3.0,1097.6,331.3,184.9,499.0,-1,-1,-1,-1
274,2.0,949.1,351.0,174.2,461.7,-1,-1,-1,-1
274,1.0,1235.2,315.9,185.0,459.0,-1,-1,-1,-1
275,10.0,1215.7,394.2,103.9,336.2,-1,-1,-1,-1
275,9.0,1104.3,329.2,121.5,405.8,-1,-1,-1,-1
275,8.0,1845.5,422.9,91.8,209.2,-1,-1,-1,-1
275,7.0,1557.9,425.9,91.8,278.1,-1,-1,-1,-1
275,6.0,1726.7,528.5,94.5,200.5,-1,-1,-1,-1
275,5.0,1360.8,434.7,108.0,268.7,-1,-1,-1,-1
275,4.0,1444.5,382.7,97.2,322.6,-1,-1,-1,-1
275,3.0,1117.1,329.1,172.8,499.8,-1,-1,-1,-1
275,2.0,954.5,353.0,180.9,459.0,-1,-1,-1,-1
275,1.0,1243.4,317.2,184.9,459.0,-1,-1,-1,-1
276,10.0,1213.7,395.6,121.5,332.8,-1,-1,-1,-1
276,9.0,1110.4,329.9,117.5,409.9,-1,-1,-1,-1
276,8.0,1849.5,423.2,89.1,208.6,-1,-1,-1,-1
276,7.0,1560.6,427.6,99.9,275.1,-1,-1,-1,-1
276,6.0,1732.1,529.2,89.1,199.8,-1,-1,-1,-1
276,5.0,1364.9,434.4,105.3,267.6,-1,-1,-1,-1
276,4.0,1447.2,383.4,99.9,323.3,-1,-1,-1,-1
276,3.0,1133.3,331.1,166.0,497.8,-1,-1,-1,-1
276,2.0,961.2,355.7,199.8,456.3,-1,-1,-1,-1
276,1.0,1248.8,318.6,187.7,456.3,-1,-1,-1,-1
277,9.0,1119.8,332.8,128.2,416.5,-1,-1,-1,-1
277,8.0,1849.5,424.6,89.1,207.9,-1,-1,-1,-1
277,7.0,1563.3,429.3,108.0,275.4,-1,-1,-1,-1
277,6.0,1738.8,527.9,81.0,203.2,-1,-1,-1,-1
277,5.0,1370.9,434.7,101.9,266.0,-1,-1,-1,-1
277,4.0,1451.2,384.1,102.6,322.7,-1,-1,-1,-1
277,3.0,1138.7,330.9,179.5,499.3,-1,-1,-1,-1
277,2.0,970.7,359.8,190.3,448.2,-1,-1,-1,-1
277,1.0,1256.2,321.5,191.0,452.1,-1,-1,-1,-1
278,9.0,1125.2,336.2,135.0,416.5,-1,-1,-1,-1
278,8.0,1852.2,425.9,89.1,206.6,-1,-1,-1,-1
278,7.0,1566.0,432.0,113.4,273.4,-1,-1,-1,-1
278,6.0,1737.5,527.2,83.7,206.6,-1,-1,-1,-1
278,5.0,1377.0,433.4,97.2,263.9,-1,-1,-1,-1
278,4.0,1455.3,384.4,108.0,321.0,-1,-1,-1,-1
278,3.0,1142.8,331.3,186.3,499.0,-1,-1,-1,-1
278,2.0,974.0,359.8,187.7,446.8,-1,-1,-1,-1
278,1.0,1262.9,322.3,189.7,449.9,-1,-1,-1,-1
279,9.0,1134.0,337.3,151.2,433.5,-1,-1,-1,-1
279,8.0,1854.9,420.9,91.8,211.3,-1,-1,-1,-1
279,7.0,1568.7,437.7,113.4,269.0,-1,-1,-1,-1
279,6.0,1736.1,527.2,83.7,206.6,-1,-1,-1,-1
279,5.0,1389.2,433.0,86.4,262.9,-1,-1,-1,-1
279,4.0,1460.7,387.8,113.4,317.6,-1,-1,-1,-1
279,3.0,1157.0,332.8,190.3,495.5,-1,-1,-1,-1
279,2.0,984.2,359.8,176.8,444.2,-1,-1,-1,-1
279,1.0,1269.7,326.9,184.3,446.7,-1,-1,-1,-1
280,9.0,1136.0,339.9,155.2,428.3,-1,-1,-1,-1
280,8.0,1857.6,419.5,89.1,212.0,-1,-1,-1,-1
280,7.0,1570.1,442.5,113.4,264.3,-1,-1,-1,-1
280,6.0,1734.8,526.8,83.7,206.2,-1,-1,-1,-1
280,5.0,1393.2,430.7,83.7,265.3,-1,-1,-1,-1
280,4.0,1462.1,388.8,118.8,315.9,-1,-1,-1,-1
280,3.0,1163.7,334.0,193.0,496.3,-1,-1,-1,-1
280,2.0,990.2,358.4,171.5,442.8,-1,-1,-1,-1
280,1.0,1277.8,329.9,177.5,443.0,-1,-1,-1,-1
281,9.0,1142.8,340.7,148.5,426.1,-1,-1,-1,-1
281,7.0,1572.8,445.8,110.7,260.2,-1,-1,-1,-1
281,6.0,1730.7,525.8,83.7,207.9,-1,-1,-1,-1
281,5.0,1397.2,430.7,81.0,264.6,-1,-1,-1,-1
281,4.0,1464.8,390.8,118.8,313.9,-1,-1,-1,-1
281,3.0,1175.2,340.2,193.1,488.7,-1,-1,-1,-1
281,2.0,1000.4,358.4,162.0,435.4,-1,-1,-1,-1
281,1.0,1283.9,331.3,176.8,436.2,-1,-1,-1,-1
282,9.0,1146.8,341.9,141.8,423.6,-1,-1,-1,-1
282,7.0,1575.5,453.3,108.0,252.8,-1,-1,-1,-1
282,6.0,1725.3,523.8,81.0,210.6,-1,-1,-1,-1
282,5.0,1402.7,431.3,83.7,263.9,-1,-1,-1,-1
282,4.0,1470.2,391.5,116.1,311.2,-1,-1,-1,-1
282,3.0,1188.7,342.7,191.7,482.8,-1,-1,-1,-1
282,2.0,1016.6,356.7,148.5,435.7,-1,-1,-1,-1
282,1.0,1290.6,329.7,172.8,438.4,-1,-1,-1,-1
283,9.0,1148.2,343.1,148.5,418.3,-1,-1,-1,-1
283,7.0,1575.5,457.3,108.0,248.1,-1,-1,-1,-1
283,6.0,1721.2,522.5,86.4,212.6,-1,-1,-1,-1
283,5.0,1406.7,433.4,83.7,261.2,-1,-1,-1,-1
283,4.0,1474.2,390.5,116.1,311.5,-1,-1,-1,-1
283,3.0,1198.8,341.7,190.3,485.8,-1,-1,-1,-1
283,2.0,1026.0,355.1,148.5,436.1,-1,-1,-1,-1
283,1.0,1298.0,329.9,166.7,433.5,-1,-1,-1,-1
284,9.0,1161.7,343.4,125.6,418.7,-1,-1,-1,-1
284,7.0,1575.5,461.7,113.4,243.7,-1,-1,-1,-1
284,6.0,1714.5,522.1,97.2,212.3,-1,-1,-1,-1
284,5.0,1410.8,435.4,83.7,259.2,-1,-1,-1,-1
284,4.0,1478.2,389.8,110.7,311.5,-1,-1,-1,-1
284,3.0,1215.0,341.9,193.1,484.3,-1,-1,-1,-1
284,2.0,1040.2,354.4,156.6,436.7,-1,-1,-1,-1
284,1.0,1299.4,331.3,169.4,430.1,-1,-1,-1,-1
285,9.0,1166.4,344.4,122.8,419.7,-1,-1,-1,-1
285,7.0,1578.2,464.7,113.4,241.3,-1,-1,-1,-1
285,6.0,1707.8,522.5,108.0,212.0,-1,-1,-1,-1
285,5.0,1412.1,436.4,86.4,258.9,-1,-1,-1,-1
285,4.0,1482.3,388.5,110.7,312.2,-1,-1,-1,-1
285,3.0,1223.8,342.1,187.0,478.1,-1,-1,-1,-1
285,2.0,1043.6,354.0,168.8,438.4,-1,-1,-1,-1
285,1.0,1304.1,331.9,167.4,430.1,-1,-1,-1,-1
286,9.0,1169.8,343.7,124.2,414.3,-1,-1,-1,-1
286,7.0,1579.5,470.1,113.4,235.2,-1,-1,-1,-1
286,6.0,1702.4,522.5,116.1,212.0,-1,-1,-1,-1
286,5.0,1417.5,437.4,83.7,257.2,-1,-1,-1,-1
286,4.0,1485.0,387.8,108.0,311.5,-1,-1,-1,-1
286,3.0,1235.2,342.9,180.9,469.1,-1,-1,-1,-1
286,2.0,1049.0,357.1,175.5,434.0,-1,-1,-1,-1
286,1.0,1308.8,328.6,166.7,429.5,-1,-1,-1,-1
287,9.0,1177.2,340.2,120.2,417.2,-1,-1,-1,-1
287,7.0,1580.9,476.6,116.1,228.8,-1,-1,-1,-1
287,6.0,1695.6,522.8,124.2,211.6,-1,-1,-1,-1
287,5.0,1421.6,439.1,83.7,256.2,-1,-1,-1,-1
287,4.0,1494.5,386.8,102.6,309.2,-1,-1,-1,-1
287,3.0,1247.4,341.9,183.6,464.1,-1,-1,-1,-1
287,2.0,1056.4,359.8,183.6,430.0,-1,-1,-1,-1
287,1.0,1314.2,328.9,162.7,429.8,-1,-1,-1,-1
288,9.0,1183.3,341.4,116.1,405.8,-1,-1,-1,-1
288,7.0,1580.9,481.3,118.8,224.1,-1,-1,-1,-1
288,6.0,1695.6,522.1,124.2,211.6,-1,-1,-1,-1
288,5.0,1425.6,439.4,81.0,254.5,-1,-1,-1,-1
288,4.0,1499.9,386.8,105.3,308.5,-1,-1,-1,-1
288,3.0,1254.2,341.0,182.2,465.6,-1,-1,-1,-1
288,2.0,1062.5,361.1,182.2,428.0,-1,-1,-1,-1
288,1.0,1318.3,331.3,161.3,432.8,-1,-1,-1,-1
289,9.0,1189.4,341.2,120.1,402.6,-1,-1,-1,-1
289,7.0,1582.2,489.4,118.8,216.0,-1,-1,-1,-1
289,6.0,1694.2,522.5,121.5,212.0,-1,-1,-1,-1
289,5.0,1431.0,438.1,81.0,253.8,-1,-1,-1,-1
289,4.0,1512.0,384.1,110.7,310.5,-1,-1,-1,-1
289,3.0,1266.3,339.9,178.2,467.4,-1,-1,-1,-1
289,2.0,1070.6,364.2,182.2,424.2,-1,-1,-1,-1
289,1.0,1324.4,332.1,159.3,427.3,-1,-1,-1,-1
290,9.0,1190.7,342.7,128.2,410.6,-1,-1,-1,-1
290,7.0,1584.9,492.8,118.8,212.6,-1,-1,-1,-1
290,6.0,1694.2,522.1,118.8,212.3,-1,-1,-1,-1
290,5.0,1431.0,437.1,83.7,251.8,-1,-1,-1,-1
290,4.0,1514.7,386.4,113.4,308.1,-1,-1,-1,-1
290,3.0,1271.7,339.9,179.5,466.1,-1,-1,-1,-1
290,2.0,1076.6,364.5,179.6,422.6,-1,-1,-1,-1
290,1.0,1325.0,330.6,161.3,425.4,-1,-1,-1,-1
291,9.0,1195.4,342.7,133.7,410.6,-1,-1,-1,-1
291,7.0,1584.9,498.2,121.5,207.2,-1,-1,-1,-1
291,6.0,1695.6,521.4,113.4,213.0,-1,-1,-1,-1
291,5.0,1432.4,436.1,86.4,251.8,-1,-1,-1,-1
291,4.0,1520.1,385.4,113.4,309.8,-1,-1,-1,-1
291,3.0,1280.5,342.7,181.6,462.5,-1,-1,-1,-1
291,2.0,1079.3,365.9,178.2,420.5,-1,-1,-1,-1
291,1.0,1328.4,336.3,162.0,415.6,-1,-1,-1,-1
292,9.0,1202.2,342.9,133.7,412.4,-1,-1,-1,-1
292,7.0,1586.2,504.6,121.5,201.5,-1,-1,-1,-1
292,6.0,1694.2,522.1,108.0,212.3,-1,-1,-1,-1
292,5.0,1439.1,433.7,83.7,253.8,-1,-1,-1,-1
292,4.0,1524.2,386.8,124.2,307.8,-1,-1,-1,-1
292,3.0,1291.3,346.3,192.4,459.0,-1,-1,-1,-1
292,2.0,1086.8,367.9,175.5,417.8,-1,-1,-1,-1
292,1.0,1342.6,335.8,158.6,416.1,-1,-1,-1,-1
293,9.0,1205.6,344.2,143.1,409.1,-1,-1,-1,-1
293,7.0,1591.7,509.6,116.1,195.1,-1,-1,-1,-1
293,6.0,1694.2,523.1,108.0,211.3,-1,-1,-1,-1
293,5.0,1444.5,434.4,81.0,249.8,-1,-1,-1,-1
293,4.0,1529.6,388.1,126.9,307.8,-1,-1,-1,-1
293,3.0,1300.1,349.7,194.4,450.9,-1,-1,-1,-1
293,2.0,1092.2,367.5,170.1,416.8,-1,-1,-1,-1
293,1.0,1339.9,338.9,166.7,409.1,-1,-1,-1,-1
294,10.0,1250.8,395.9,104.0,316.9,-1,-1,-1,-1
294,9.0,1210.3,346.3,162.0,405.0,-1,-1,-1,-1
294,7.0,1589.0,511.7,102.6,193.0,-1,-1,-1,-1
294,6.0,1691.6,523.8,110.7,210.6,-1,-1,-1,-1
294,5.0,1449.9,434.0,89.1,247.7,-1,-1,-1,-1
294,4.0,1536.3,390.2,143.1,306.5,-1,-1,-1,-1
294,3.0,1310.2,351.0,187.0,448.2,-1,-1,-1,-1
294,2.0,1098.9,367.5,160.7,412.8,-1,-1,-1,-1
294,1.0,1348.7,343.1,156.6,396.7,-1,-1,-1,-1
295,10.0,1255.5,394.2,105.3,320.0,-1,-1,-1,-1
295,9.0,1213.7,347.3,160.7,404.7,-1,-1,-1,-1
295,7.0,1587.6,513.7,124.2,191.0,-1,-1,-1,-1
295,6.0,1688.9,523.1,113.4,212.0,-1,-1,-1,-1
295,5.0,1455.3,435.7,91.8,249.1,-1,-1,-1,-1
295,4.0,1537.7,391.5,145.8,304.4,-1,-1,-1,-1
295,3.0,1314.9,354.4,183.6,447.5,-1,-1,-1,-1
295,2.0,1102.3,367.2,153.9,405.7,-1,-1,-1,-1
295,1.0,1352.0,345.6,155.9,397.6,-1,-1,-1,-1
296,10.0,1263.6,394.9,99.9,311.9,-1,-1,-1,-1
296,9.0,1217.7,349.7,160.7,400.3,-1,-1,-1,-1
296,7.0,1589.0,515.7,124.2,189.0,-1,-1,-1,-1
296,6.0,1687.5,522.1,116.1,211.6,-1,-1,-1,-1
296,5.0,1456.7,438.1,99.9,245.0,-1,-1,-1,-1
296,4.0,1543.1,390.8,145.8,305.1,-1,-1,-1,-1
296,3.0,1321.0,351.3,178.9,447.9,-1,-1,-1,-1
296,2.0,1107.7,371.6,141.8,397.9,-1,-1,-1,-1
296,1.0,1357.4,345.3,153.2,402.6,-1,-1,-1,-1
297,10.0,1273.7,391.2,98.5,318.9,-1,-1,-1,-1
297,9.0,1223.8,352.7,158.0,395.2,-1,-1,-1,-1
297,7.0,1591.7,516.4,118.8,188.3,-1,-1,-1,-1
297,6.0,1684.8,523.1,113.4,210.6,-1,-1,-1,-1
297,5.0,1459.4,440.1,105.3,240.3,-1,-1,-1,-1
297,4.0,1548.5,391.5,145.8,307.1,-1,-1,-1,-1
297,3.0,1338.5,351.7,168.1,443.5,-1,-1,-1,-1
297,2.0,1111.7,370.6,131.0,399.6,-1,-1,-1,-1
297,1.0,1369.6,344.1,141.1,401.8,-1,-1,-1,-1
298,10.0,1278.5,392.5,102.6,318.9,-1,-1,-1,-1
298,9.0,1229.2,355.1,151.2,392.2,-1,-1,-1,-1
298,7.0,1589.0,518.7,121.5,186.0,-1,-1,-1,-1
298,6.0,1684.8,524.5,108.0,209.2,-1,-1,-1,-1
298,5.0,1464.8,441.5,97.2,240.3,-1,-1,-1,-1
298,4.0,1552.5,390.5,143.1,306.1,-1,-1,-1,-1
298,3.0,1347.3,351.3,164.7,435.7,-1,-1,-1,-1
298,2.0,1116.5,371.6,125.5,399.3,-1,-1,-1,-1
298,1.0,1377.0,345.6,140.4,379.4,-1,-1,-1,-1
299,10.0,1289.2,394.9,106.7,309.2,-1,-1,-1,-1
299,9.0,1239.3,349.7,149.8,396.2,-1,-1,-1,-1
299,7.0,1576.8,518.7,132.3,186.0,-1,-1,-1,-1
299,6.0,1684.8,524.5,102.6,209.2,-1,-1,-1,-1
299,5.0,1468.8,442.8,91.8,238.9,-1,-1,-1,-1
299,4.0,1560.6,391.5,135.0,304.4,-1,-1,-1,-1
299,3.0,1356.1,347.3,168.1,438.4,-1,-1,-1,-1
299,2.0,1120.5,372.6,136.4,396.2,-1,-1,-1,-1
299,1.0,1386.5,347.3,132.3,358.8,-1,-1,-1,-1
300,10.0,1296.0,395.9,112.1,306.1,-1,-1,-1,-1
300,9.0,1244.7,348.3,143.1,397.6,-1,-1,-1,-1
300,7.0,1587.6,519.1,121.5,185.6,-1,-1,-1,-1
300,6.0,1687.5,525.5,97.2,208.9,-1,-1,-1,-1
300,5.0,1470.2,440.4,91.8,239.6,-1,-1,-1,-1
300,4.0,1566.0,391.5,126.9,303.1,-1,-1,-1,-1
300,3.0,1358.8,346.3,172.1,437.4,-1,-1,-1,-1
300,2.0,1125.2,370.9,143.1,398.6,-1,-1,-1,-1
301,11.0,1211.0,416.8,93.2,289.9,-1,-1,-1,-1
301,10.0,1299.4,399.6,128.9,309.1,-1,-1,-1,-1
301,9.0,1250.1,349.0,139.0,396.2,-1,-1,-1,-1
301,7.0,1590.3,518.4,118.8,186.3,-1,-1,-1,-1
301,6.0,1690.2,526.5,94.5,207.2,-1,-1,-1,-1
301,5.0,1474.2,441.1,89.1,238.9,-1,-1,-1,-1
301,4.0,1568.7,390.2,118.8,305.1,-1,-1,-1,-1
301,3.0,1358.8,346.3,182.9,438.1,-1,-1,-1,-1
301,2.0,1128.6,373.3,152.5,396.2,-1,-1,-1,-1
302,11.0,1209.6,416.1,93.1,285.2,-1,-1,-1,-1
302,10.0,1298.0,401.0,135.7,309.2,-1,-1,-1,-1
302,9.0,1260.9,348.3,129.6,393.5,-1,-1,-1,-1
302,7.0,1590.3,517.0,118.8,187.0,-1,-1,-1,-1
302,6.0,1692.9,527.2,94.5,205.2,-1,-1,-1,-1
302,5.0,1478.2,438.1,89.1,241.7,-1,-1,-1,-1
302,4.0,1570.1,388.8,108.0,303.1,-1,-1,-1,-1
302,3.0,1362.2,347.6,186.3,437.4,-1,-1,-1,-1
302,2.0,1133.3,376.0,156.6,391.5,-1,-1,-1,-1
303,11.0,1208.2,415.8,94.5,286.2,-1,-1,-1,-1
303,10.0,1302.1,401.3,138.4,307.5,-1,-1,-1,-1
303,9.0,1265.0,347.6,126.9,390.2,-1,-1,-1,-1
303,7.0,1590.3,515.0,118.8,189.7,-1,-1,-1,-1
303,6.0,1695.6,528.2,91.8,203.5,-1,-1,-1,-1
303,5.0,1485.0,437.7,86.4,240.3,-1,-1,-1,-1
303,4.0,1570.1,389.5,102.6,292.3,-1,-1,-1,-1
303,3.0,1366.2,349.0,178.2,435.4,-1,-1,-1,-1
303,2.0,1138.1,378.0,153.9,389.5,-1,-1,-1,-1
304,11.0,1208.2,414.1,94.5,289.2,-1,-1,-1,-1
304,10.0,1306.1,400.6,135.7,310.8,-1,-1,-1,-1
304,9.0,1275.1,343.6,116.8,394.9,-1,-1,-1,-1
304,7.0,1589.0,513.0,121.5,191.7,-1,-1,-1,-1
304,6.0,1699.7,527.2,91.8,203.2,-1,-1,-1,-1
304,5.0,1493.1,434.4,83.7,245.7,-1,-1,-1,-1
304,4.0,1576.8,389.8,99.9,295.7,-1,-1,-1,-1
304,3.0,1370.2,350.0,191.7,435.7,-1,-1,-1,-1
304,2.0,1144.1,377.3,147.2,390.8,-1,-1,-1,-1
305,11.0,1211.0,413.1,89.1,287.6,-1,-1,-1,-1
305,10.0,1316.9,401.0,127.6,306.5,-1,-1,-1,-1
305,9.0,1277.8,347.6,112.7,388.8,-1,-1,-1,-1
305,7.0,1589.0,510.6,121.5,194.1,-1,-1,-1,-1
305,6.0,1702.4,526.5,89.1,204.5,-1,-1,-1,-1
305,5.0,1498.5,437.7,81.0,241.0,-1,-1,-1,-1
305,4.0,1586.2,390.8,97.2,295.0,-1,-1,-1,-1
305,3.0,1373.0,352.4,197.1,432.7,-1,-1,-1,-1
305,2.0,1149.5,374.0,139.1,394.2,-1,-1,-1,-1
306,11.0,1206.2,409.1,94.5,296.3,-1,-1,-1,-1
306,10.0,1321.0,401.0,124.9,306.5,-1,-1,-1,-1
306,9.0,1283.2,352.7,112.7,383.1,-1,-1,-1,-1
306,7.0,1587.6,505.9,121.5,197.4,-1,-1,-1,-1
306,6.0,1702.4,525.8,91.8,204.5,-1,-1,-1,-1
306,5.0,1499.9,437.1,81.0,241.7,-1,-1,-1,-1
306,4.0,1589.0,391.8,116.1,284.2,-1,-1,-1,-1
306,3.0,1377.7,354.4,193.7,429.3,-1,-1,-1,-1
306,2.0,1154.9,376.0,136.3,390.1,-1,-1,-1,-1
307,11.0,1202.2,402.3,102.6,303.8,-1,-1,-1,-1
307,10.0,1329.1,400.3,120.8,308.5,-1,-1,-1,-1
307,9.0,1286.6,350.3,110.7,386.1,-1,-1,-1,-1
307,7.0,1586.2,497.5,124.2,206.6,-1,-1,-1,-1
307,6.0,1701.0,524.5,91.8,205.9,-1,-1,-1,-1
307,5.0,1502.6,436.7,81.0,240.3,-1,-1,-1,-1
307,4.0,1591.7,393.5,121.5,282.2,-1,-1,-1,-1
307,3.0,1383.8,358.1,189.0,424.9,-1,-1,-1,-1
307,2.0,1162.4,376.7,130.9,388.1,-1,-1,-1,-1
308,11.0,1205.6,407.0,99.9,301.7,-1,-1,-1,-1
308,10.0,1333.1,401.6,111.4,302.4,-1,-1,-1,-1
308,9.0,1289.9,352.4,108.7,384.1,-1,-1,-1,-1
308,7.0,1586.2,493.1,113.4,210.3,-1,-1,-1,-1
308,6.0,1701.0,524.1,91.8,205.5,-1,-1,-1,-1
308,5.0,1506.6,438.8,81.0,238.3,-1,-1,-1,-1
308,4.0,1598.4,394.2,116.1,282.8,-1,-1,-1,-1
308,3.0,1390.5,359.1,189.0,423.2,-1,-1,-1,-1
308,2.0,1165.1,376.0,130.9,386.8,-1,-1,-1,-1
309,10.0,1341.2,397.9,100.6,302.1,-1,-1,-1,-1
309,9.0,1294.0,356.1,107.3,379.7,-1,-1,-1,-1
309,7.0,1583.6,488.7,108.0,214.7,-1,-1,-1,-1
309,6.0,1698.3,523.8,94.5,206.6,-1,-1,-1,-1
309,5.0,1510.7,441.5,81.0,236.2,-1,-1,-1,-1
309,4.0,1605.2,394.2,110.7,282.2,-1,-1,-1,-1
309,3.0,1398.6,359.4,183.6,420.9,-1,-1,-1,-1
309,2.0,1169.8,375.3,133.7,384.8,-1,-1,-1,-1
310,10.0,1347.3,397.6,97.2,308.5,-1,-1,-1,-1
310,9.0,1296.0,357.1,108.0,378.0,-1,-1,-1,-1
310,7.0,1583.6,485.3,113.4,218.7,-1,-1,-1,-1
310,6.0,1697.0,523.8,94.5,207.2,-1,-1,-1,-1
310,5.0,1512.0,442.1,83.7,235.6,-1,-1,-1,-1
310,4.0,1611.9,395.6,105.3,282.1,-1,-1,-1,-1
310,3.0,1402.7,359.1,183.6,415.8,-1,-1,-1,-1
310,2.0,1168.4,374.0,145.8,386.8,-1,-1,-1,-1
311,10.0,1356.1,396.9,91.1,301.0,-1,-1,-1,-1
311,9.0,1298.7,356.4,106.7,380.0,-1,-1,-1,-1
311,7.0,1582.2,482.3,113.4,222.4,-1,-1,-1,-1
311,6.0,1698.3,522.5,91.8,207.9,-1,-1,-1,-1
311,5.0,1513.4,443.8,86.4,235.6,-1,-1,-1,-1
311,4.0,1614.6,394.5,105.3,282.1,-1,-1,-1,-1
311,3.0,1408.1,359.8,183.6,410.4,-1,-1,-1,-1
311,2.0,1172.5,374.0,151.2,387.5,-1,-1,-1,-1
312,10.0,1360.1,397.9,91.1,300.7,-1,-1,-1,-1
312,9.0,1301.4,361.8,109.3,373.9,-1,-1,-1,-1
312,7.0,1582.2,478.6,113.4,226.1,-1,-1,-1,-1
312,6.0,1697.0,521.8,91.8,209.2,-1,-1,-1,-1
312,5.0,1518.8,443.1,83.7,231.5,-1,-1,-1,-1
312,4.0,1621.4,394.2,102.6,284.2,-1,-1,-1,-1
312,3.0,1414.8,359.8,178.2,410.4,-1,-1,-1,-1
312,2.0,1169.1,375.3,166.0,382.1,-1,-1,-1,-1
313,10.0,1361.5,397.2,91.1,302.7,-1,-1,-1,-1
313,9.0,1297.4,363.8,116.1,371.9,-1,-1,-1,-1
313,7.0,1580.9,474.9,113.4,229.8,-1,-1,-1,-1
313,6.0,1698.3,522.5,89.1,208.6,-1,-1,-1,-1
313,5.0,1521.5,442.5,83.7,227.5,-1,-1,-1,-1
313,4.0,1622.7,392.9,113.4,286.2,-1,-1,-1,-1
313,3.0,1417.5,359.4,175.5,408.7,-1,-1,-1,-1
313,2.0,1188.7,375.3,153.9,382.7,-1,-1,-1,-1
314,10.0,1370.2,401.0,86.4,296.3,-1,-1,-1,-1
314,9.0,1299.4,363.5,116.8,372.3,-1,-1,-1,-1
314,7.0,1579.5,470.8,116.1,233.9,-1,-1,-1,-1
314,6.0,1698.3,523.8,89.1,206.6,-1,-1,-1,-1
314,5.0,1525.5,440.1,86.4,232.9,-1,-1,-1,-1
314,4.0,1629.5,392.2,121.5,286.2,-1,-1,-1,-1
314,3.0,1420.2,359.8,175.5,409.0,-1,-1,-1,-1
314,2.0,1192.1,377.3,160.7,384.8,-1,-1,-1,-1
315,11.0,1179.9,409.7,116.1,302.4,-1,-1,-1,-1
315,10.0,1375.0,402.3,91.1,297.7,-1,-1,-1,-1
315,9.0,1300.1,363.8,117.4,371.2,-1,-1,-1,-1
315,7.0,1578.2,468.1,116.1,236.6,-1,-1,-1,-1
315,6.0,1698.3,524.5,86.4,205.9,-1,-1,-1,-1
315,5.0,1526.9,439.8,86.4,233.5,-1,-1,-1,-1
315,4.0,1633.5,391.5,135.0,286.2,-1,-1,-1,-1
315,3.0,1422.9,361.8,175.5,405.7,-1,-1,-1,-1
315,2.0,1197.5,380.7,160.7,377.3,-1,-1,-1,-1
315,1.0,1416.2,360.5,124.2,365.9,-1,-1,-1,-1
316,11.0,1175.9,407.7,120.1,303.8,-1,-1,-1,-1
316,10.0,1379.0,405.0,92.5,293.6,-1,-1,-1,-1
316,9.0,1300.7,363.8,119.5,369.9,-1,-1,-1,-1
316,7.0,1574.1,465.1,118.8,239.6,-1,-1,-1,-1
316,6.0,1697.0,523.8,86.4,206.6,-1,-1,-1,-1
316,5.0,1533.6,438.8,83.7,233.6,-1,-1,-1,-1
316,4.0,1638.9,391.5,140.4,285.5,-1,-1,-1,-1
316,3.0,1432.4,362.5,167.4,405.7,-1,-1,-1,-1
316,2.0,1202.2,382.1,159.3,376.6,-1,-1,-1,-1
316,1.0,1416.2,355.7,126.9,368.6,-1,-1,-1,-1
317,11.0,1150.2,404.7,147.2,305.4,-1,-1,-1,-1
317,10.0,1382.4,405.7,99.9,294.3,-1,-1,-1,-1
317,9.0,1304.1,361.1,117.4,368.6,-1,-1,-1,-1
317,7.0,1576.8,460.4,113.4,245.0,-1,-1,-1,-1
317,6.0,1697.0,522.5,86.4,208.6,-1,-1,-1,-1
317,5.0,1541.7,440.1,81.0,231.5,-1,-1,-1,-1
317,4.0,1643.0,391.2,145.8,286.2,-1,-1,-1,-1
317,3.0,1437.8,367.2,167.4,401.6,-1,-1,-1,-1
317,2.0,1206.9,382.1,158.0,377.3,-1,-1,-1,-1
317,1.0,1424.2,357.1,121.5,369.2,-1,-1,-1,-1
318,11.0,1149.5,403.0,141.8,308.5,-1,-1,-1,-1
318,10.0,1385.1,406.4,97.2,291.6,-1,-1,-1,-1
318,9.0,1299.4,361.5,123.5,363.5,-1,-1,-1,-1
318,7.0,1579.5,457.7,110.7,247.0,-1,-1,-1,-1
318,6.0,1695.6,523.1,89.1,207.9,-1,-1,-1,-1
318,5.0,1543.1,441.1,83.7,228.1,-1,-1,-1,-1
318,4.0,1648.4,393.2,143.1,283.5,-1,-1,-1,-1
318,3.0,1439.1,368.6,167.4,399.6,-1,-1,-1,-1
318,2.0,1217.0,382.1,151.2,377.3,-1,-1,-1,-1
318,1.0,1425.6,357.1,121.5,377.3,-1,-1,-1,-1
319,11.0,1151.6,401.3,140.4,312.9,-1,-1,-1,-1
319,10.0,1389.2,404.7,99.9,294.0,-1,-1,-1,-1
319,9.0,1307.5,360.5,116.8,365.9,-1,-1,-1,-1
319,7.0,1578.2,454.3,110.7,250.4,-1,-1,-1,-1
319,6.0,1692.9,524.1,89.1,205.5,-1,-1,-1,-1
319,5.0,1541.7,441.5,94.5,236.2,-1,-1,-1,-1
319,4.0,1653.8,394.9,140.4,281.5,-1,-1,-1,-1
319,3.0,1440.5,371.6,167.4,395.2,-1,-1,-1,-1
319,2.0,1223.8,384.8,144.5,371.2,-1,-1,-1,-1
319,1.0,1427.0,363.2,121.5,364.5,-1,-1,-1,-1
320,11.0,1150.2,401.6,139.0,315.2,-1,-1,-1,-1
320,10.0,1391.9,405.0,99.9,290.9,-1,-1,-1,-1
320,9.0,1313.6,361.5,114.8,362.1,-1,-1,-1,-1
320,7.0,1576.8,450.6,110.7,254.1,-1,-1,-1,-1
320,6.0,1690.2,523.8,91.8,206.6,-1,-1,-1,-1
320,5.0,1541.7,443.8,94.5,226.8,-1,-1,-1,-1
320,4.0,1660.5,396.9,132.3,278.1,-1,-1,-1,-1
320,3.0,1441.8,370.2,170.1,395.2,-1,-1,-1,-1
320,2.0,1229.2,386.8,139.1,367.2,-1,-1,-1,-1
320,1.0,1428.3,363.2,121.5,365.2,-1,-1,-1,-1
321,11.0,1150.9,402.3,137.7,316.6,-1,-1,-1,-1
321,10.0,1395.9,406.0,97.2,289.2,-1,-1,-1,-1
321,9.0,1314.2,362.1,118.1,361.5,-1,-1,-1,-1
321,7.0,1576.8,446.9,110.7,257.9,-1,-1,-1,-1
321,6.0,1686.2,523.8,94.5,207.2,-1,-1,-1,-1
321,5.0,1549.8,446.5,83.7,224.8,-1,-1,-1,-1
321,4.0,1663.2,398.9,129.6,276.1,-1,-1,-1,-1
321,3.0,1445.9,370.6,167.4,395.5,-1,-1,-1,-1
321,2.0,1233.2,388.1,136.3,365.2,-1,-1,-1,-1
321,1.0,1431.0,365.2,118.8,361.8,-1,-1,-1,-1
322,11.0,1150.2,402.3,137.7,318.6,-1,-1,-1,-1
322,10.0,1397.2,406.0,91.8,283.5,-1,-1,-1,-1
322,9.0,1317.6,364.2,120.1,359.4,-1,-1,-1,-1
322,7.0,1575.5,442.5,110.7,262.2,-1,-1,-1,-1
322,6.0,1683.5,525.2,94.5,205.9,-1,-1,-1,-1
322,4.0,1665.9,398.9,124.2,276.1,-1,-1,-1,-1
322,3.0,1449.9,369.9,164.7,391.5,-1,-1,-1,-1
322,2.0,1239.3,386.1,130.9,367.9,-1,-1,-1,-1
322,1.0,1433.7,367.9,118.8,358.4,-1,-1,-1,-1
323,11.0,1149.5,402.0,137.7,320.3,-1,-1,-1,-1
323,10.0,1401.3,405.0,97.2,281.5,-1,-1,-1,-1
323,9.0,1319.6,367.9,123.5,354.4,-1,-1,-1,-1
323,7.0,1574.1,438.4,110.7,267.0,-1,-1,-1,-1
323,6.0,1682.1,524.8,94.5,206.9,-1,-1,-1,-1
323,4.0,1671.3,398.2,121.5,272.7,-1,-1,-1,-1
323,3.0,1449.9,371.2,164.7,384.1,-1,-1,-1,-1
323,2.0,1244.0,387.1,125.6,363.5,-1,-1,-1,-1
323,1.0,1435.1,367.9,124.2,356.4,-1,-1,-1,-1
324,11.0,1152.2,403.3,136.3,318.9,-1,-1,-1,-1
324,10.0,1404.0,402.6,97.2,284.2,-1,-1,-1,-1
324,9.0,1325.0,369.2,127.6,353.0,-1,-1,-1,-1
324,7.0,1575.5,433.4,108.0,271.4,-1,-1,-1,-1
324,6.0,1676.7,525.8,99.9,205.9,-1,-1,-1,-1
324,4.0,1674.0,398.6,121.5,255.2,-1,-1,-1,-1
324,3.0,1447.2,374.0,170.1,376.7,-1,-1,-1,-1
324,2.0,1248.8,387.5,120.2,355.7,-1,-1,-1,-1
324,1.0,1437.8,368.6,121.5,356.4,-1,-1,-1,-1
325,11.0,1150.2,404.0,136.3,320.3,-1,-1,-1,-1
325,10.0,1408.1,401.0,97.2,284.9,-1,-1,-1,-1
325,9.0,1333.8,370.6,124.2,352.4,-1,-1,-1,-1
325,7.0,1575.5,432.0,108.0,272.7,-1,-1,-1,-1
325,6.0,1672.7,525.2,108.0,206.5,-1,-1,-1,-1
325,4.0,1676.7,396.9,121.5,255.2,-1,-1,-1,-1
325,3.0,1445.9,369.2,170.1,384.1,-1,-1,-1,-1
325,2.0,1244.0,383.1,126.9,358.1,-1,-1,-1,-1
325,1.0,1439.1,369.2,121.5,351.7,-1,-1,-1,-1
326,11.0,1148.2,403.0,139.1,322.6,-1,-1,-1,-1
326,10.0,1413.5,401.6,94.5,286.9,-1,-1,-1,-1
326,9.0,1339.2,369.9,118.8,353.0,-1,-1,-1,-1
326,7.0,1574.1,427.6,110.7,279.1,-1,-1,-1,-1
326,6.0,1668.6,524.8,116.1,206.9,-1,-1,-1,-1
326,4.0,1678.1,396.6,118.8,259.2,-1,-1,-1,-1
326,3.0,1444.5,368.6,170.1,385.4,-1,-1,-1,-1
326,2.0,1256.2,384.8,116.1,355.1,-1,-1,-1,-1
326,1.0,1443.2,367.2,121.5,355.7,-1,-1,-1,-1
327,11.0,1144.1,401.0,141.8,325.4,-1,-1,-1,-1
327,10.0,1418.9,401.0,94.5,286.9,-1,-1,-1,-1
327,9.0,1342.6,370.6,114.1,350.3,-1,-1,-1,-1
327,7.0,1578.2,421.2,108.0,284.2,-1,-1,-1,-1
327,6.0,1665.9,526.2,118.8,204.2,-1,-1,-1,-1
327,4.0,1682.1,397.6,118.8,266.6,-1,-1,-1,-1
327,3.0,1443.2,372.9,170.1,380.4,-1,-1,-1,-1
327,2.0,1260.2,383.4,116.1,356.4,-1,-1,-1,-1
327,1.0,1444.5,370.6,121.5,342.9,-1,-1,-1,-1
328,11.0,1144.1,399.6,140.4,326.7,-1,-1,-1,-1
328,10.0,1421.6,403.7,89.1,284.8,-1,-1,-1,-1
328,9.0,1345.3,372.6,110.0,346.3,-1,-1,-1,-1
328,7.0,1579.5,418.5,108.0,286.9,-1,-1,-1,-1
328,6.0,1664.6,525.2,118.8,205.9,-1,-1,-1,-1
328,4.0,1686.2,396.9,113.4,268.0,-1,-1,-1,-1
328,3.0,1443.2,373.3,170.1,379.3,-1,-1,-1,-1
328,2.0,1265.0,383.4,113.4,356.4,-1,-1,-1,-1
328,1.0,1444.5,370.6,121.5,343.6,-1,-1,-1,-1
329,11.0,1143.5,397.9,141.8,328.4,-1,-1,-1,-1
329,10.0,1424.2,406.7,89.1,285.2,-1,-1,-1,-1
329,9.0,1352.0,374.6,101.9,342.9,-1,-1,-1,-1
329,8.0,1887.3,434.0,62.1,182.9,-1,-1,-1,-1
329,7.0,1584.9,414.1,105.3,290.6,-1,-1,-1,-1
329,6.0,1661.9,525.8,116.1,205.2,-1,-1,-1,-1
329,4.0,1691.6,399.6,108.0,263.3,-1,-1,-1,-1
329,3.0,1441.8,376.0,170.1,376.6,-1,-1,-1,-1
329,2.0,1268.3,384.8,120.8,355.1,-1,-1,-1,-1
329,1.0,1445.9,371.2,118.8,341.6,-1,-1,-1,-1
330,11.0,1139.4,396.2,147.2,330.1,-1,-1,-1,-1
330,10.0,1428.3,407.7,83.7,280.1,-1,-1,-1,-1
330,9.0,1353.4,374.0,99.2,345.6,-1,-1,-1,-1
330,8.0,1887.3,434.7,62.1,181.6,-1,-1,-1,-1
330,7.0,1591.7,412.1,99.9,292.6,-1,-1,-1,-1
330,6.0,1664.6,525.2,110.7,206.5,-1,-1,-1,-1
330,5.0,1536.3,417.2,116.1,260.5,-1,-1,-1,-1
330,4.0,1690.2,400.6,116.1,262.6,-1,-1,-1,-1
330,3.0,1444.5,374.6,164.7,375.3,-1,-1,-1,-1
330,2.0,1271.0,386.8,127.6,352.3,-1,-1,-1,-1
330,1.0,1447.2,372.3,116.1,334.5,-1,-1,-1,-1
331,11.0,1138.7,394.9,147.1,331.4,-1,-1,-1,-1
331,9.0,1352.0,373.3,101.9,344.2,-1,-1,-1,-1
331,7.0,1599.8,410.4,94.5,295.7,-1,-1,-1,-1
331,6.0,1671.3,525.2,97.2,206.5,-1,-1,-1,-1
331,5.0,1541.7,417.8,102.6,251.8,-1,-1,-1,-1
331,4.0,1697.0,400.3,113.4,261.2,-1,-1,-1,-1
331,3.0,1444.5,378.0,164.7,372.6,-1,-1,-1,-1
331,2.0,1275.1,388.1,130.3,351.0,-1,-1,-1,-1
331,1.0,1444.5,369.9,118.8,337.5,-1,-1,-1,-1
332,11.0,1136.0,392.5,148.5,333.8,-1,-1,-1,-1
332,9.0,1359.5,374.0,97.2,340.9,-1,-1,-1,-1
332,7.0,1606.5,411.1,89.1,294.3,-1,-1,-1,-1
332,6.0,1679.4,526.5,86.4,206.6,-1,-1,-1,-1
332,5.0,1547.1,419.2,113.4,257.2,-1,-1,-1,-1
332,4.0,1701.0,404.3,108.0,259.2,-1,-1,-1,-1
332,3.0,1448.6,378.3,156.6,372.3,-1,-1,-1,-1
332,2.0,1279.8,389.5,135.0,349.6,-1,-1,-1,-1
332,1.0,1443.2,371.9,116.1,323.3,-1,-1,-1,-1
333,11.0,1139.4,391.5,144.5,337.5,-1,-1,-1,-1
333,9.0,1357.4,371.9,103.3,342.2,-1,-1,-1,-1
333,7.0,1610.6,408.7,86.4,297.3,-1,-1,-1,-1
333,6.0,1680.8,526.5,83.7,206.6,-1,-1,-1,-1
333,5.0,1545.8,419.2,105.3,246.4,-1,-1,-1,-1
333,4.0,1706.4,406.0,102.6,255.8,-1,-1,-1,-1
333,3.0,1448.6,380.0,153.9,369.9,-1,-1,-1,-1
333,2.0,1283.9,389.5,136.3,349.0,-1,-1,-1,-1
333,1.0,1440.5,374.6,118.8,312.5,-1,-1,-1,-1
334,11.0,1142.8,392.2,139.1,337.5,-1,-1,-1,-1
334,9.0,1362.2,371.9,99.9,342.2,-1,-1,-1,-1
334,7.0,1614.6,408.7,91.8,296.7,-1,-1,-1,-1
334,6.0,1680.8,526.5,83.7,207.2,-1,-1,-1,-1
334,5.0,1551.2,417.8,116.1,274.0,-1,-1,-1,-1
334,4.0,1711.8,405.7,99.9,255.8,-1,-1,-1,-1
334,3.0,1448.6,379.4,148.5,369.2,-1,-1,-1,-1
334,2.0,1289.9,391.5,133.0,346.3,-1,-1,-1,-1
334,1.0,1445.9,380.4,110.7,305.1,-1,-1,-1,-1
335,11.0,1132.7,392.9,149.8,339.5,-1,-1,-1,-1
335,9.0,1363.5,371.9,102.6,341.6,-1,-1,-1,-1
335,7.0,1613.2,409.7,99.9,295.6,-1,-1,-1,-1
335,6.0,1683.5,526.8,81.0,207.6,-1,-1,-1,-1
335,5.0,1555.2,416.8,113.4,273.4,-1,-1,-1,-1
335,4.0,1718.6,405.0,94.5,257.9,-1,-1,-1,-1
335,3.0,1445.9,378.0,151.2,367.9,-1,-1,-1,-1
335,2.0,1294.0,391.5,130.3,345.6,-1,-1,-1,-1
336,11.0,1135.4,392.9,147.1,342.2,-1,-1,-1,-1
336,9.0,1362.2,371.2,102.6,340.9,-1,-1,-1,-1
336,7.0,1609.2,408.4,105.3,297.7,-1,-1,-1,-1
336,6.0,1686.2,527.2,78.3,206.6,-1,-1,-1,-1
336,5.0,1563.3,415.1,99.9,268.7,-1,-1,-1,-1
336,4.0,1717.2,404.3,97.2,257.9,-1,-1,-1,-1
336,3.0,1448.6,378.3,145.8,362.8,-1,-1,-1,-1
336,2.0,1297.4,391.5,125.5,345.6,-1,-1,-1,-1
337,11.0,1136.7,394.2,145.8,340.2,-1,-1,-1,-1
337,9.0,1366.2,371.9,97.2,340.9,-1,-1,-1,-1
337,7.0,1618.7,409.4,110.7,294.0,-1,-1,-1,-1
337,6.0,1683.5,525.5,81.0,207.6,-1,-1,-1,-1
337,5.0,1571.4,414.1,89.1,264.6,-1,-1,-1,-1
337,4.0,1721.2,403.7,105.3,258.5,-1,-1,-1,-1
337,3.0,1445.9,377.3,148.5,361.1,-1,-1,-1,-1
337,2.0,1304.1,391.5,120.1,342.9,-1,-1,-1,-1
338,11.0,1140.1,394.2,143.1,343.6,-1,-1,-1,-1
338,9.0,1366.2,375.3,97.2,336.1,-1,-1,-1,-1
338,7.0,1624.1,409.4,116.1,296.7,-1,-1,-1,-1
338,6.0,1683.5,525.5,83.7,207.6,-1,-1,-1,-1
338,5.0,1572.8,413.1,91.8,266.6,-1,-1,-1,-1
338,4.0,1724.0,402.6,110.7,259.2,-1,-1,-1,-1
338,3.0,1443.2,377.3,151.2,360.5,-1,-1,-1,-1
338,2.0,1309.5,390.8,118.8,344.2,-1,-1,-1,-1
339,11.0,1138.7,393.5,145.8,344.9,-1,-1,-1,-1
339,9.0,1367.6,376.7,102.6,336.2,-1,-1,-1,-1
339,7.0,1626.8,406.0,132.3,300.7,-1,-1,-1,-1
339,6.0,1683.5,524.5,83.7,208.6,-1,-1,-1,-1
339,5.0,1578.2,413.4,89.1,263.9,-1,-1,-1,-1
339,4.0,1729.4,401.6,118.8,260.6,-1,-1,-1,-1
339,3.0,1441.8,380.0,153.9,356.4,-1,-1,-1,-1
339,2.0,1313.6,388.8,122.8,342.2,-1,-1,-1,-1
340,11.0,1136.0,392.2,148.5,346.9,-1,-1,-1,-1
340,9.0,1368.9,378.0,99.9,332.1,-1,-1,-1,-1
340,7.0,1626.8,407.0,145.8,302.4,-1,-1,-1,-1
340,6.0,1684.8,525.2,86.4,207.9,-1,-1,-1,-1
340,5.0,1583.6,413.4,91.8,270.0,-1,-1,-1,-1
340,4.0,1732.1,403.0,118.8,257.9,-1,-1,-1,-1
340,3.0,1441.8,382.7,153.9,353.7,-1,-1,-1,-1
340,2.0,1317.6,388.1,124.2,339.5,-1,-1,-1,-1
341,11.0,1136.0,390.8,148.5,349.0,-1,-1,-1,-1
341,9.0,1364.9,380.0,102.6,331.4,-1,-1,-1,-1
341,7.0,1630.8,407.7,145.8,301.7,-1,-1,-1,-1
341,6.0,1682.1,525.8,83.7,206.5,-1,-1,-1,-1
341,5.0,1589.0,413.8,89.1,278.1,-1,-1,-1,-1
341,4.0,1733.4,401.0,124.2,259.9,-1,-1,-1,-1
341,3.0,1441.8,385.4,153.9,351.0,-1,-1,-1,-1
341,2.0,1321.0,388.8,126.2,339.5,-1,-1,-1,-1
342,11.0,1134.7,387.5,149.8,352.4,-1,-1,-1,-1
342,9.0,1362.8,383.4,104.6,325.3,-1,-1,-1,-1
342,7.0,1626.8,408.4,151.2,301.7,-1,-1,-1,-1
342,6.0,1682.1,523.1,81.0,209.9,-1,-1,-1,-1
342,5.0,1591.7,418.5,86.4,263.2,-1,-1,-1,-1
342,4.0,1736.1,402.6,124.2,257.9,-1,-1,-1,-1
342,3.0,1443.2,388.1,153.9,349.0,-1,-1,-1,-1
342,2.0,1325.0,388.1,130.3,340.2,-1,-1,-1,-1
342,1.0,1475.6,375.0,105.3,327.7,-1,-1,-1,-1
343,11.0,1126.6,384.8,159.3,356.4,-1,-1,-1,-1
343,9.0,1364.9,383.4,102.6,325.3,-1,-1,-1,-1
343,7.0,1628.1,407.0,151.2,302.4,-1,-1,-1,-1
343,6.0,1684.8,525.5,78.3,207.6,-1,-1,-1,-1
343,5.0,1591.7,420.5,89.1,260.5,-1,-1,-1,-1
343,4.0,1737.5,405.0,121.5,255.2,-1,-1,-1,-1
343,3.0,1444.5,392.2,153.9,344.3,-1,-1,-1,-1
343,2.0,1329.1,388.1,131.6,339.5,-1,-1,-1,-1
343,1.0,1475.6,374.6,108.0,326.7,-1,-1,-1,-1
344,11.0,1131.3,381.7,152.6,359.4,-1,-1,-1,-1
344,9.0,1367.6,385.1,99.9,320.3,-1,-1,-1,-1
344,7.0,1628.1,406.7,153.9,302.1,-1,-1,-1,-1
344,6.0,1683.5,526.5,78.3,205.9,-1,-1,-1,-1
344,5.0,1590.3,421.9,91.8,257.2,-1,-1,-1,-1
344,4.0,1738.8,405.3,118.8,255.2,-1,-1,-1,-1
344,3.0,1445.9,393.5,153.9,342.9,-1,-1,-1,-1
344,2.0,1333.8,389.5,129.6,336.8,-1,-1,-1,-1
344,1.0,1476.9,376.0,116.1,328.1,-1,-1,-1,-1
345,11.0,1135.4,380.4,148.5,363.5,-1,-1,-1,-1
345,7.0,1636.2,404.7,145.8,306.8,-1,-1,-1,-1
345,6.0,1683.5,524.1,78.3,209.6,-1,-1,-1,-1
345,5.0,1593.0,422.9,97.2,258.5,-1,-1,-1,-1
345,4.0,1748.2,407.4,108.0,252.4,-1,-1,-1,-1
345,3.0,1449.9,394.9,153.9,339.5,-1,-1,-1,-1
345,2.0,1340.6,390.2,126.9,336.2,-1,-1,-1,-1
345,1.0,1479.6,377.3,116.1,321.3,-1,-1,-1,-1
346,11.0,1130.6,380.0,152.6,363.8,-1,-1,-1,-1
346,7.0,1657.8,404.3,126.9,305.8,-1,-1,-1,-1
346,6.0,1675.4,523.1,86.4,210.6,-1,-1,-1,-1
346,5.0,1594.4,422.2,99.9,258.5,-1,-1,-1,-1
346,4.0,1749.6,407.7,105.3,251.8,-1,-1,-1,-1
346,3.0,1454.0,396.9,151.2,336.2,-1,-1,-1,-1
346,2.0,1343.9,386.8,127.6,340.2,-1,-1,-1,-1
346,1.0,1482.3,378.7,118.8,319.3,-1,-1,-1,-1
347,11.0,1117.1,381.0,163.4,364.2,-1,-1,-1,-1
347,7.0,1670.0,402.3,121.5,308.5,-1,-1,-1,-1
347,6.0,1667.2,523.5,94.5,210.9,-1,-1,-1,-1
347,5.0,1597.1,420.5,102.6,256.5,-1,-1,-1,-1
347,4.0,1751.0,407.7,105.3,252.5,-1,-1,-1,-1
347,3.0,1458.0,393.5,148.5,340.2,-1,-1,-1,-1
347,2.0,1350.7,388.1,123.5,339.5,-1,-1,-1,-1
347,1.0,1487.7,381.0,118.8,312.9,-1,-1,-1,-1
348,11.0,1114.4,382.1,164.7,364.5,-1,-1,-1,-1
348,7.0,1678.1,401.6,118.8,309.8,-1,-1,-1,-1
348,6.0,1670.0,525.2,91.8,209.2,-1,-1,-1,-1
348,5.0,1599.8,420.2,99.9,255.8,-1,-1,-1,-1
348,4.0,1752.3,406.4,105.3,252.5,-1,-1,-1,-1
348,3.0,1459.4,394.9,148.5,336.2,-1,-1,-1,-1
348,2.0,1354.7,390.8,127.6,336.8,-1,-1,-1,-1
348,1.0,1491.8,381.7,121.5,312.9,-1,-1,-1,-1
349,11.0,1118.5,382.4,157.9,365.5,-1,-1,-1,-1
349,7.0,1680.8,399.3,121.5,312.2,-1,-1,-1,-1
349,6.0,1675.4,526.2,86.4,207.6,-1,-1,-1,-1
349,5.0,1601.1,417.8,102.6,255.8,-1,-1,-1,-1
349,4.0,1753.7,407.0,105.3,247.0,-1,-1,-1,-1
349,3.0,1460.7,393.9,148.5,331.1,-1,-1,-1,-1
349,2.0,1358.8,387.5,128.9,338.2,-1,-1,-1,-1
349,1.0,1497.2,383.4,118.8,308.5,-1,-1,-1,-1
350,11.0,1107.0,382.1,168.8,366.5,-1,-1,-1,-1
350,7.0,1686.2,398.6,121.5,314.2,-1,-1,-1,-1
350,6.0,1674.0,528.5,89.1,205.2,-1,-1,-1,-1
350,5.0,1609.2,418.5,97.2,254.5,-1,-1,-1,-1
350,4.0,1755.0,406.0,105.3,248.4,-1,-1,-1,-1
350,3.0,1462.1,392.2,151.2,331.4,-1,-1,-1,-1
350,2.0,1364.9,402.0,121.5,322.3,-1,-1,-1,-1
350,1.0,1503.9,384.8,116.1,309.2,-1,-1,-1,-1
351,11.0,1110.4,381.4,162.0,367.2,-1,-1,-1,-1
351,7.0,1691.6,398.9,121.5,314.6,-1,-1,-1,-1
351,6.0,1676.7,529.2,86.4,204.5,-1,-1,-1,-1
351,5.0,1610.6,418.5,99.9,253.8,-1,-1,-1,-1
351,4.0,1756.4,405.7,105.3,248.4,-1,-1,-1,-1
351,3.0,1463.4,392.9,151.2,329.4,-1,-1,-1,-1
351,2.0,1369.6,401.6,118.1,318.6,-1,-1,-1,-1
351,1.0,1508.0,384.4,116.1,305.8,-1,-1,-1,-1
352,11.0,1103.6,380.4,164.7,374.3,-1,-1,-1,-1
352,7.0,1694.2,397.6,121.5,318.6,-1,-1,-1,-1
352,6.0,1672.7,529.5,91.8,202.8,-1,-1,-1,-1
352,5.0,1617.3,418.8,99.9,253.1,-1,-1,-1,-1
352,4.0,1755.0,404.3,108.0,251.1,-1,-1,-1,-1
352,3.0,1470.2,393.5,143.1,328.7,-1,-1,-1,-1
352,2.0,1376.3,402.0,116.8,316.9,-1,-1,-1,-1
352,1.0,1518.8,385.1,110.7,305.8,-1,-1,-1,-1
353,11.0,1100.9,377.3,166.1,374.6,-1,-1,-1,-1
353,7.0,1695.6,396.9,124.2,318.6,-1,-1,-1,-1
353,6.0,1672.7,528.5,91.8,204.5,-1,-1,-1,-1
353,5.0,1620.0,418.8,102.6,253.8,-1,-1,-1,-1
353,4.0,1763.1,404.0,99.9,249.8,-1,-1,-1,-1
353,3.0,1472.9,394.2,143.1,328.0,-1,-1,-1,-1
353,2.0,1382.4,401.0,113.4,313.9,-1,-1,-1,-1
353,1.0,1524.2,384.8,108.0,305.8,-1,-1,-1,-1
354,11.0,1106.3,376.0,157.9,376.6,-1,-1,-1,-1
354,7.0,1701.0,397.2,124.2,319.6,-1,-1,-1,-1
354,6.0,1672.7,529.2,91.8,203.9,-1,-1,-1,-1
354,5.0,1621.4,420.2,105.3,252.5,-1,-1,-1,-1
354,4.0,1767.2,405.3,94.5,248.4,-1,-1,-1,-1
354,3.0,1474.2,394.9,143.1,327.4,-1,-1,-1,-1
354,2.0,1385.1,401.3,110.7,311.5,-1,-1,-1,-1
354,1.0,1525.5,383.4,110.7,305.8,-1,-1,-1,-1
355,11.0,1090.1,372.6,172.8,379.4,-1,-1,-1,-1
355,7.0,1707.8,396.9,121.5,322.7,-1,-1,-1,-1
355,6.0,1672.7,528.5,91.8,204.5,-1,-1,-1,-1
355,5.0,1622.7,423.6,110.7,249.1,-1,-1,-1,-1
355,4.0,1772.6,406.4,94.5,247.1,-1,-1,-1,-1
355,3.0,1476.9,398.2,143.1,324.0,-1,-1,-1,-1
355,2.0,1387.8,402.0,113.4,312.2,-1,-1,-1,-1
355,1.0,1532.2,382.1,110.7,306.4,-1,-1,-1,-1
356,11.0,1085.4,369.9,176.8,381.4,-1,-1,-1,-1
356,7.0,1709.1,397.9,121.5,322.3,-1,-1,-1,-1
356,6.0,1674.0,528.9,91.8,205.5,-1,-1,-1,-1
356,5.0,1630.8,424.9,105.3,248.4,-1,-1,-1,-1
356,4.0,1775.2,410.4,94.5,241.7,-1,-1,-1,-1
356,3.0,1478.2,400.3,145.8,321.3,-1,-1,-1,-1
356,2.0,1390.5,401.0,113.4,313.2,-1,-1,-1,-1
356,1.0,1532.2,382.7,116.1,309.1,-1,-1,-1,-1
357,11.0,1076.0,367.2,184.9,387.5,-1,-1,-1,-1
357,7.0,1713.2,396.2,124.2,324.7,-1,-1,-1,-1
357,6.0,1675.4,529.9,97.2,205.9,-1,-1,-1,-1
357,5.0,1630.8,426.9,110.7,245.7,-1,-1,-1,-1
357,4.0,1776.6,409.1,94.5,243.7,-1,-1,-1,-1
357,3.0,1485.0,401.3,140.4,318.3,-1,-1,-1,-1
357,2.0,1395.9,402.6,108.0,310.2,-1,-1,-1,-1
357,1.0,1537.7,382.7,121.5,299.7,-1,-1,-1,-1
358,11.0,1073.9,366.2,186.3,393.9,-1,-1,-1,-1
358,7.0,1713.2,395.9,129.6,325.7,-1,-1,-1,-1
358,6.0,1678.1,530.9,94.5,207.6,-1,-1,-1,-1
358,5.0,1632.2,428.0,110.7,243.0,-1,-1,-1,-1
358,4.0,1782.0,408.0,89.1,244.4,-1,-1,-1,-1
358,3.0,1489.1,402.0,137.7,318.3,-1,-1,-1,-1
358,2.0,1400.0,405.0,108.0,307.8,-1,-1,-1,-1
358,1.0,1536.3,383.7,126.9,301.7,-1,-1,-1,-1
359,11.0,1070.6,366.9,190.3,393.2,-1,-1,-1,-1
359,9.0,1393.2,392.5,91.8,308.1,-1,-1,-1,-1
359,7.0,1718.6,395.2,132.3,325.7,-1,-1,-1,-1
359,6.0,1680.8,530.9,94.5,207.6,-1,-1,-1,-1
359,5.0,1638.9,428.0,108.0,243.0,-1,-1,-1,-1
359,4.0,1784.7,410.1,86.4,241.7,-1,-1,-1,-1
359,3.0,1493.1,402.0,137.7,317.6,-1,-1,-1,-1
359,2.0,1402.7,404.3,113.4,308.5,-1,-1,-1,-1
359,1.0,1543.1,384.8,126.9,302.4,-1,-1,-1,-1
360,11.0,1071.2,367.2,187.7,396.9,-1,-1,-1,-1
360,9.0,1397.2,392.2,97.2,309.8,-1,-1,-1,-1
360,7.0,1724.0,393.2,135.0,327.0,-1,-1,-1,-1
360,6.0,1690.2,529.9,91.8,208.6,-1,-1,-1,-1
360,5.0,1638.9,427.6,110.7,244.4,-1,-1,-1,-1
360,4.0,1790.1,411.8,81.0,238.3,-1,-1,-1,-1
360,3.0,1498.5,402.6,135.0,314.2,-1,-1,-1,-1
360,2.0,1410.8,407.4,121.5,301.4,-1,-1,-1,-1
360,1.0,1552.5,386.4,124.2,298.4,-1,-1,-1,-1
361,11.0,1085.4,367.9,172.8,396.9,-1,-1,-1,-1
361,9.0,1402.7,392.2,94.5,309.1,-1,-1,-1,-1
361,7.0,1724.0,392.5,137.7,327.0,-1,-1,-1,-1
361,6.0,1697.0,527.2,89.1,211.3,-1,-1,-1,-1
361,5.0,1647.0,426.6,105.3,243.7,-1,-1,-1,-1
361,4.0,1790.1,412.1,86.4,237.6,-1,-1,-1,-1
361,3.0,1502.6,402.3,135.0,308.5,-1,-1,-1,-1
361,2.0,1414.8,409.1,124.2,299.0,-1,-1,-1,-1
361,1.0,1559.2,388.1,121.5,295.0,-1,-1,-1,-1
362,11.0,1088.8,367.9,174.2,400.3,-1,-1,-1,-1
362,9.0,1406.7,390.8,94.5,307.1,-1,-1,-1,-1
362,7.0,1724.0,390.5,145.8,330.4,-1,-1,-1,-1
362,6.0,1709.1,525.2,83.7,214.0,-1,-1,-1,-1
362,5.0,1651.1,425.2,105.3,245.0,-1,-1,-1,-1
362,4.0,1795.5,412.4,89.1,235.6,-1,-1,-1,-1
362,3.0,1509.3,402.3,132.3,309.1,-1,-1,-1,-1
362,2.0,1421.6,410.4,118.8,299.7,-1,-1,-1,-1
362,1.0,1560.6,390.2,124.2,294.3,-1,-1,-1,-1
363,11.0,1059.1,369.2,205.2,406.4,-1,-1,-1,-1
363,9.0,1409.4,390.8,97.2,302.4,-1,-1,-1,-1
363,7.0,1734.8,389.8,135.0,329.7,-1,-1,-1,-1
363,6.0,1724.0,521.1,72.9,218.7,-1,-1,-1,-1
363,5.0,1655.1,423.2,102.6,243.7,-1,-1,-1,-1
363,4.0,1798.2,411.4,91.8,236.3,-1,-1,-1,-1
363,3.0,1513.4,401.6,129.6,309.2,-1,-1,-1,-1
363,2.0,1424.2,409.1,116.1,299.7,-1,-1,-1,-1
363,1.0,1563.3,391.2,124.2,292.3,-1,-1,-1,-1
364,11.0,1060.4,369.2,203.8,405.7,-1,-1,-1,-1
364,9.0,1412.1,389.5,97.2,303.1,-1,-1,-1,-1
364,7.0,1741.5,389.8,129.6,329.7,-1,-1,-1,-1
364,6.0,1725.3,520.8,75.6,218.4,-1,-1,-1,-1
364,5.0,1660.5,422.6,99.9,243.7,-1,-1,-1,-1
364,4.0,1802.2,408.4,97.2,238.3,-1,-1,-1,-1
364,3.0,1516.1,401.0,132.3,307.8,-1,-1,-1,-1
364,2.0,1429.7,408.7,113.4,297.3,-1,-1,-1,-1
364,1.0,1564.7,391.2,124.2,289.6,-1,-1,-1,-1
365,11.0,1054.3,366.5,206.6,408.4,-1,-1,-1,-1
365,9.0,1417.5,390.8,97.2,300.4,-1,-1,-1,-1
365,7.0,1744.2,389.1,132.3,332.4,-1,-1,-1,-1
365,6.0,1726.7,518.1,89.1,219.0,-1,-1,-1,-1
365,5.0,1660.5,423.2,105.3,242.3,-1,-1,-1,-1
365,4.0,1807.7,406.0,97.2,241.7,-1,-1,-1,-1
365,3.0,1526.9,402.6,124.2,307.5,-1,-1,-1,-1
365,2.0,1435.1,407.0,108.0,297.7,-1,-1,-1,-1
365,1.0,1570.1,390.2,121.5,295.0,-1,-1,-1,-1
366,12.0,-128.4,230.2,344.4,768.8,-1,-1,-1,-1
366,11.0,1078.0,365.2,185.0,410.4,-1,-1,-1,-1
366,9.0,1421.6,390.8,99.9,295.7,-1,-1,-1,-1
366,7.0,1742.9,388.1,140.4,332.1,-1,-1,-1,-1
366,6.0,1725.3,518.7,105.3,218.4,-1,-1,-1,-1
366,5.0,1664.6,422.2,105.3,243.0,-1,-1,-1,-1
366,4.0,1807.7,405.7,99.9,243.7,-1,-1,-1,-1
366,3.0,1532.2,404.0,121.5,306.1,-1,-1,-1,-1
366,2.0,1440.5,407.4,105.3,296.0,-1,-1,-1,-1
366,1.0,1575.5,389.5,118.8,291.6,-1,-1,-1,-1
367,12.0,-32.6,232.2,232.7,760.1,-1,-1,-1,-1
367,11.0,1069.2,361.1,190.3,413.8,-1,-1,-1,-1
367,9.0,1422.9,391.5,97.2,296.3,-1,-1,-1,-1
367,7.0,1751.0,388.8,151.2,332.8,-1,-1,-1,-1
367,6.0,1726.7,517.0,121.5,222.1,-1,-1,-1,-1
367,5.0,1668.6,423.2,110.7,240.3,-1,-1,-1,-1
367,4.0,1814.4,409.1,89.1,224.1,-1,-1,-1,-1
367,3.0,1536.3,406.4,129.6,302.4,-1,-1,-1,-1
367,2.0,1444.5,406.4,110.7,295.0,-1,-1,-1,-1
367,1.0,1582.2,388.8,110.7,278.8,-1,-1,-1,-1
368,12.0,-4.6,230.2,275.3,762.8,-1,-1,-1,-1
368,11.0,1065.2,359.1,193.1,416.5,-1,-1,-1,-1
368,9.0,1425.6,391.8,97.2,296.3,-1,-1,-1,-1
368,7.0,1752.3,387.5,159.3,334.1,-1,-1,-1,-1
368,6.0,1726.7,521.1,129.6,218.0,-1,-1,-1,-1
368,5.0,1672.7,423.6,108.0,240.3,-1,-1,-1,-1
368,4.0,1818.5,412.8,83.7,188.3,-1,-1,-1,-1
368,3.0,1541.7,407.0,132.3,300.4,-1,-1,-1,-1
368,2.0,1448.6,406.0,110.7,296.0,-1,-1,-1,-1
368,1.0,1586.2,387.8,108.0,280.8,-1,-1,-1,-1
369,12.0,15.6,233.2,282.4,755.0,-1,-1,-1,-1
369,11.0,1058.4,356.4,198.5,419.2,-1,-1,-1,-1
369,9.0,1427.0,392.2,102.6,297.0,-1,-1,-1,-1
369,7.0,1757.7,388.1,159.3,334.1,-1,-1,-1,-1
369,6.0,1730.7,523.1,132.3,216.0,-1,-1,-1,-1
369,5.0,1674.0,426.3,108.0,236.2,-1,-1,-1,-1
369,3.0,1544.4,408.0,132.3,300.0,-1,-1,-1,-1
369,2.0,1449.9,405.0,118.8,297.0,-1,-1,-1,-1
369,1.0,1590.3,385.4,105.3,281.5,-1,-1,-1,-1
370,12.0,34.4,239.3,294.3,746.2,-1,-1,-1,-1
370,11.0,1060.4,353.7,193.1,422.5,-1,-1,-1,-1
370,9.0,1433.7,394.2,99.9,294.3,-1,-1,-1,-1
370,7.0,1765.8,395.2,159.3,331.1,-1,-1,-1,-1
370,6.0,1737.5,522.5,129.6,218.0,-1,-1,-1,-1
370,5.0,1675.4,428.0,110.7,235.6,-1,-1,-1,-1
370,3.0,1551.2,406.4,126.9,302.4,-1,-1,-1,-1
370,2.0,1455.3,406.0,118.8,296.7,-1,-1,-1,-1
370,1.0,1587.6,385.4,110.7,288.2,-1,-1,-1,-1
371,12.0,35.8,242.7,348.0,745.5,-1,-1,-1,-1
371,11.0,1062.5,353.7,190.3,426.6,-1,-1,-1,-1
371,9.0,1436.4,396.9,99.9,290.9,-1,-1,-1,-1
371,7.0,1760.4,390.2,164.7,336.8,-1,-1,-1,-1
371,6.0,1751.0,523.1,116.1,218.0,-1,-1,-1,-1
371,5.0,1675.4,430.0,116.1,233.6,-1,-1,-1,-1
371,3.0,1553.9,407.4,126.9,300.7,-1,-1,-1,-1
371,2.0,1458.0,407.7,118.8,293.6,-1,-1,-1,-1
371,1.0,1595.7,385.4,102.6,294.3,-1,-1,-1,-1
372,12.0,34.9,249.8,409.9,736.4,-1,-1,-1,-1
372,11.0,1059.8,355.1,186.3,427.9,-1,-1,-1,-1
372,9.0,1441.8,399.3,113.4,289.6,-1,-1,-1,-1
372,7.0,1776.6,387.5,148.5,338.2,-1,-1,-1,-1
372,6.0,1773.9,522.1,94.5,219.0,-1,-1,-1,-1
372,5.0,1680.8,430.7,110.7,230.8,-1,-1,-1,-1
372,3.0,1563.3,407.0,124.2,297.7,-1,-1,-1,-1
372,2.0,1464.8,410.7,121.5,289.9,-1,-1,-1,-1
372,1.0,1601.1,385.1,105.3,295.7,-1,-1,-1,-1
373,13.0,1755.0,446.2,64.8,194.4,-1,-1,-1,-1
373,12.0,35.8,256.5,425.3,726.3,-1,-1,-1,-1
373,11.0,1046.9,355.4,197.1,429.0,-1,-1,-1,-1
373,9.0,1443.2,398.9,110.7,288.9,-1,-1,-1,-1
373,7.0,1784.7,386.1,140.4,340.2,-1,-1,-1,-1
373,6.0,1786.1,520.8,94.5,220.4,-1,-1,-1,-1
373,5.0,1684.8,430.3,110.7,232.2,-1,-1,-1,-1
373,3.0,1571.4,406.0,118.8,296.0,-1,-1,-1,-1
373,2.0,1466.1,412.4,121.5,287.6,-1,-1,-1,-1
373,1.0,1606.5,386.8,108.0,291.6,-1,-1,-1,-1
374,13.0,1756.4,447.2,64.8,193.7,-1,-1,-1,-1
374,12.0,38.3,259.2,435.5,718.2,-1,-1,-1,-1
374,11.0,1046.2,357.8,193.1,428.6,-1,-1,-1,-1
374,9.0,1447.2,399.6,102.6,288.2,-1,-1,-1,-1
374,7.0,1788.8,383.4,137.7,346.3,-1,-1,-1,-1
374,6.0,1791.5,521.1,99.9,222.1,-1,-1,-1,-1
374,5.0,1686.2,430.3,108.0,231.5,-1,-1,-1,-1
374,3.0,1576.8,405.0,116.1,296.3,-1,-1,-1,-1
374,2.0,1468.8,413.1,118.8,284.9,-1,-1,-1,-1
374,1.0,1609.2,387.8,116.1,290.3,-1,-1,-1,-1
375,13.0,1757.7,446.2,67.5,195.1,-1,-1,-1,-1
375,12.0,52.8,260.9,429.8,712.5,-1,-1,-1,-1
375,11.0,1038.8,357.8,195.8,431.3,-1,-1,-1,-1
375,9.0,1449.9,397.6,94.5,288.9,-1,-1,-1,-1
375,7.0,1798.2,382.1,132.3,351.0,-1,-1,-1,-1
375,6.0,1803.6,521.4,105.3,224.4,-1,-1,-1,-1
375,5.0,1688.9,427.6,108.0,230.9,-1,-1,-1,-1
375,3.0,1580.9,404.7,121.5,297.3,-1,-1,-1,-1
375,2.0,1474.2,414.5,118.8,282.8,-1,-1,-1,-1
375,1.0,1613.2,390.2,121.5,286.2,-1,-1,-1,-1
376,13.0,1760.4,447.2,70.2,194.4,-1,-1,-1,-1
376,12.0,71.0,261.6,412.9,707.7,-1,-1,-1,-1
376,11.0,1034.8,356.4,197.1,434.7,-1,-1,-1,-1
376,9.0,1451.2,396.2,97.2,290.3,-1,-1,-1,-1
376,7.0,1800.9,380.0,126.9,355.0,-1,-1,-1,-1
376,6.0,1810.4,522.1,108.0,223.1,-1,-1,-1,-1
376,5.0,1691.6,427.3,105.3,230.2,-1,-1,-1,-1
376,3.0,1583.6,403.3,121.5,297.3,-1,-1,-1,-1
376,2.0,1476.9,414.1,121.5,282.5,-1,-1,-1,-1
376,1.0,1620.0,390.8,118.8,284.2,-1,-1,-1,-1
377,13.0,1763.1,447.9,72.9,193.7,-1,-1,-1,-1
377,12.0,127.2,268.0,360.5,689.2,-1,-1,-1,-1
377,11.0,1031.4,353.4,193.1,441.8,-1,-1,-1,-1
377,9.0,1455.3,394.9,91.8,284.9,-1,-1,-1,-1
377,7.0,1807.7,375.6,124.2,361.5,-1,-1,-1,-1
377,6.0,1815.8,522.5,116.1,225.5,-1,-1,-1,-1
377,5.0,1692.9,425.6,108.0,231.5,-1,-1,-1,-1
377,3.0,1590.3,403.0,121.5,298.4,-1,-1,-1,-1
377,2.0,1482.3,414.8,116.1,280.5,-1,-1,-1,-1
377,1.0,1625.4,392.9,113.4,281.5,-1,-1,-1,-1
378,13.0,1767.2,449.2,72.9,191.7,-1,-1,-1,-1
378,12.0,163.5,269.2,323.2,667.7,-1,-1,-1,-1
378,11.0,1028.0,350.7,191.7,444.5,-1,-1,-1,-1
378,9.0,1459.4,395.6,86.4,284.9,-1,-1,-1,-1
378,7.0,1813.1,375.6,124.2,358.8,-1,-1,-1,-1
378,6.0,1818.5,523.8,116.1,222.8,-1,-1,-1,-1
378,5.0,1694.2,424.6,108.0,232.2,-1,-1,-1,-1
378,3.0,1591.7,404.3,124.2,295.7,-1,-1,-1,-1
378,2.0,1485.0,414.1,113.4,277.1,-1,-1,-1,-1
378,1.0,1626.8,392.9,113.4,283.5,-1,-1,-1,-1
379,13.0,1769.9,450.6,72.9,189.0,-1,-1,-1,-1
379,12.0,202.8,270.8,297.0,655.3,-1,-1,-1,-1
379,11.0,1024.0,348.3,193.0,447.5,-1,-1,-1,-1
379,9.0,1460.7,394.2,89.1,286.2,-1,-1,-1,-1
379,7.0,1817.1,374.6,118.8,355.7,-1,-1,-1,-1
379,6.0,1823.9,523.1,108.0,224.8,-1,-1,-1,-1
379,5.0,1695.6,425.2,108.0,231.5,-1,-1,-1,-1
379,3.0,1594.4,405.3,124.2,294.0,-1,-1,-1,-1
379,2.0,1487.7,413.1,108.0,277.4,-1,-1,-1,-1
379,1.0,1636.2,390.8,105.3,285.5,-1,-1,-1,-1
380,13.0,1772.6,452.9,72.9,187.0,-1,-1,-1,-1
380,12.0,266.0,272.0,254.5,648.7,-1,-1,-1,-1
380,11.0,1028.7,343.6,180.9,452.9,-1,-1,-1,-1
380,9.0,1463.4,395.6,91.8,284.9,-1,-1,-1,-1
380,7.0,1825.2,372.6,116.1,355.7,-1,-1,-1,-1
380,6.0,1842.8,521.8,99.9,228.2,-1,-1,-1,-1
380,5.0,1702.4,424.6,105.3,231.5,-1,-1,-1,-1
380,3.0,1599.8,408.4,124.2,290.9,-1,-1,-1,-1
380,2.0,1490.4,413.4,99.9,276.8,-1,-1,-1,-1
380,1.0,1641.6,392.5,102.6,282.8,-1,-1,-1,-1
381,13.0,1772.6,452.6,72.9,188.3,-1,-1,-1,-1
381,12.0,312.2,270.0,228.8,646.0,-1,-1,-1,-1
381,11.0,1015.2,340.9,193.0,455.6,-1,-1,-1,-1
381,9.0,1467.5,397.2,91.8,283.5,-1,-1,-1,-1
381,7.0,1827.9,372.6,118.8,373.3,-1,-1,-1,-1
381,6.0,1860.3,522.8,86.4,227.1,-1,-1,-1,-1
381,5.0,1707.8,425.9,99.9,230.2,-1,-1,-1,-1
381,3.0,1602.5,409.4,126.9,289.9,-1,-1,-1,-1
381,2.0,1491.8,413.4,97.2,276.8,-1,-1,-1,-1
381,1.0,1647.0,391.8,102.6,282.2,-1,-1,-1,-1
382,13.0,1776.6,452.2,72.9,187.0,-1,-1,-1,-1
382,12.0,335.8,271.0,226.8,645.6,-1,-1,-1,-1
382,11.0,1003.1,338.0,201.2,457.8,-1,-1,-1,-1
382,9.0,1470.2,397.6,94.5,282.8,-1,-1,-1,-1
382,7.0,1834.7,371.2,116.1,366.5,-1,-1,-1,-1
382,5.0,1711.8,427.3,99.9,228.2,-1,-1,-1,-1
382,3.0,1609.2,409.4,126.9,289.9,-1,-1,-1,-1
382,2.0,1494.5,413.1,94.5,276.1,-1,-1,-1,-1
382,1.0,1651.1,391.5,110.7,284.2,-1,-1,-1,-1
383,13.0,1778.0,451.2,72.9,185.6,-1,-1,-1,-1
383,12.0,348.6,276.8,226.1,638.6,-1,-1,-1,-1
383,11.0,1019.3,337.2,182.2,462.0,-1,-1,-1,-1
383,9.0,1474.2,397.9,91.8,282.8,-1,-1,-1,-1
383,7.0,1838.7,372.6,121.5,375.3,-1,-1,-1,-1
383,5.0,1713.2,428.6,99.9,224.8,-1,-1,-1,-1
383,3.0,1611.9,409.1,126.9,288.9,-1,-1,-1,-1
383,2.0,1497.2,413.8,97.2,275.4,-1,-1,-1,-1
383,1.0,1649.7,390.5,118.8,286.9,-1,-1,-1,-1
384,13.0,1778.0,450.9,75.6,186.3,-1,-1,-1,-1
384,12.0,365.5,281.8,227.5,632.1,-1,-1,-1,-1
384,11.0,1016.6,336.8,182.2,467.1,-1,-1,-1,-1
384,9.0,1478.2,397.6,91.8,281.5,-1,-1,-1,-1
384,7.0,1845.5,370.6,118.8,380.0,-1,-1,-1,-1
384,5.0,1715.9,428.6,99.9,225.5,-1,-1,-1,-1
384,3.0,1616.0,408.7,124.2,286.5,-1,-1,-1,-1
384,2.0,1498.5,413.8,99.9,275.4,-1,-1,-1,-1
384,1.0,1655.1,390.2,121.5,283.5,-1,-1,-1,-1
385,13.0,1780.7,449.2,75.6,188.3,-1,-1,-1,-1
385,12.0,364.8,288.9,270.0,625.0,-1,-1,-1,-1
385,11.0,997.7,335.6,199.8,471.0,-1,-1,-1,-1
385,9.0,1481.0,398.9,94.5,278.8,-1,-1,-1,-1
385,7.0,1850.9,371.2,121.5,383.4,-1,-1,-1,-1
385,5.0,1717.2,430.7,99.9,222.8,-1,-1,-1,-1
385,3.0,1618.7,409.4,124.2,282.5,-1,-1,-1,-1
385,2.0,1501.2,415.8,102.6,272.7,-1,-1,-1,-1
385,1.0,1663.2,389.8,121.5,284.2,-1,-1,-1,-1
386,13.0,1780.7,448.2,78.3,187.7,-1,-1,-1,-1
386,12.0,367.9,293.8,283.5,615.4,-1,-1,-1,-1
386,11.0,989.6,338.3,203.8,473.0,-1,-1,-1,-1
386,9.0,1486.4,399.9,94.5,278.1,-1,-1,-1,-1
386,7.0,1853.6,369.2,118.8,380.0,-1,-1,-1,-1
386,5.0,1721.2,433.4,99.9,218.7,-1,-1,-1,-1
386,3.0,1622.7,408.7,121.5,283.2,-1,-1,-1,-1
386,2.0,1505.2,416.8,99.9,270.7,-1,-1,-1,-1
386,1.0,1665.9,391.5,118.8,282.2,-1,-1,-1,-1
387,13.0,1783.4,449.2,81.0,186.3,-1,-1,-1,-1
387,12.0,370.9,299.2,302.4,606.0,-1,-1,-1,-1
387,11.0,990.2,337.8,201.1,477.6,-1,-1,-1,-1
387,9.0,1490.4,401.3,86.4,276.8,-1,-1,-1,-1
387,7.0,1861.7,368.9,116.1,375.0,-1,-1,-1,-1
387,5.0,1724.0,432.3,99.9,220.0,-1,-1,-1,-1
387,3.0,1628.1,407.0,121.5,284.2,-1,-1,-1,-1
387,2.0,1512.0,418.8,94.5,268.7,-1,-1,-1,-1
387,1.0,1668.6,393.5,126.9,279.5,-1,-1,-1,-1
388,13.0,1786.1,450.6,78.3,184.3,-1,-1,-1,-1
388,12.0,376.7,301.2,305.1,601.3,-1,-1,-1,-1
388,11.0,968.0,338.5,222.8,479.6,-1,-1,-1,-1
388,9.0,1493.1,401.0,83.7,275.4,-1,-1,-1,-1
388,7.0,1867.1,367.9,116.1,367.2,-1,-1,-1,-1
388,5.0,1726.7,432.0,97.2,218.7,-1,-1,-1,-1
388,3.0,1632.2,407.0,121.5,283.5,-1,-1,-1,-1
388,2.0,1514.7,418.2,91.8,268.6,-1,-1,-1,-1
388,1.0,1670.0,395.2,126.9,276.1,-1,-1,-1,-1
389,13.0,1790.1,451.9,78.3,183.6,-1,-1,-1,-1
389,12.0,387.8,299.9,297.7,601.3,-1,-1,-1,-1
389,11.0,966.6,338.0,221.4,482.8,-1,-1,-1,-1
389,9.0,1497.2,399.6,89.1,277.4,-1,-1,-1,-1
389,7.0,1869.8,365.9,118.8,366.5,-1,-1,-1,-1
389,5.0,1729.4,430.7,97.2,221.4,-1,-1,-1,-1
389,3.0,1636.2,407.4,118.8,282.8,-1,-1,-1,-1
389,2.0,1517.4,417.5,91.8,269.3,-1,-1,-1,-1
389,1.0,1672.7,394.9,124.2,273.4,-1,-1,-1,-1
390,14.0,1164.4,453.3,63.5,195.8,-1,-1,-1,-1
390,13.0,1794.2,453.6,78.3,181.6,-1,-1,-1,-1
390,12.0,419.2,301.2,286.2,596.5,-1,-1,-1,-1
390,11.0,970.0,336.3,216.0,485.8,-1,-1,-1,-1
390,9.0,1501.2,396.9,91.8,276.1,-1,-1,-1,-1
390,7.0,1876.5,361.8,118.8,367.2,-1,-1,-1,-1
390,5.0,1733.4,428.0,99.9,226.1,-1,-1,-1,-1
390,3.0,1641.6,409.1,118.8,280.8,-1,-1,-1,-1
390,2.0,1522.8,416.5,89.1,266.6,-1,-1,-1,-1
390,1.0,1679.4,395.6,124.2,270.7,-1,-1,-1,-1
391,14.0,1169.1,452.6,60.8,196.4,-1,-1,-1,-1
391,13.0,1795.5,454.3,78.3,180.9,-1,-1,-1,-1
391,12.0,448.5,300.4,267.0,589.3,-1,-1,-1,-1
391,11.0,970.0,332.6,213.3,490.2,-1,-1,-1,-1
391,9.0,1509.3,396.9,83.7,275.4,-1,-1,-1,-1
391,5.0,1737.5,426.9,97.2,224.8,-1,-1,-1,-1
391,3.0,1644.3,410.7,121.5,279.4,-1,-1,-1,-1
391,2.0,1525.5,417.5,91.8,264.6,-1,-1,-1,-1
391,1.0,1683.5,395.6,121.5,273.4,-1,-1,-1,-1
392,14.0,1172.5,451.9,66.1,197.8,-1,-1,-1,-1
392,13.0,1800.9,455.3,75.6,178.9,-1,-1,-1,-1
392,12.0,492.8,299.4,240.3,575.4,-1,-1,-1,-1
392,11.0,960.5,327.2,218.7,497.0,-1,-1,-1,-1
392,9.0,1520.1,397.6,83.7,275.4,-1,-1,-1,-1
392,5.0,1742.9,426.6,97.2,222.1,-1,-1,-1,-1
392,3.0,1648.4,412.4,126.9,277.4,-1,-1,-1,-1
392,2.0,1530.9,418.2,94.5,261.9,-1,-1,-1,-1
392,1.0,1688.9,395.2,118.8,271.3,-1,-1,-1,-1
393,14.0,1175.2,450.9,64.8,199.1,-1,-1,-1,-1
393,13.0,1802.2,455.3,75.6,178.9,-1,-1,-1,-1
393,12.0,515.7,296.3,231.5,569.0,-1,-1,-1,-1
393,11.0,953.8,323.7,220.1,499.8,-1,-1,-1,-1
393,9.0,1522.8,396.9,81.0,272.7,-1,-1,-1,-1
393,5.0,1744.2,426.6,99.9,223.4,-1,-1,-1,-1
393,3.0,1655.1,413.1,121.5,275.4,-1,-1,-1,-1
393,2.0,1535.0,416.8,97.2,263.9,-1,-1,-1,-1
393,1.0,1690.2,395.2,116.1,271.3,-1,-1,-1,-1
394,14.0,1178.6,451.6,66.2,198.5,-1,-1,-1,-1
394,13.0,1805.0,454.3,72.9,178.9,-1,-1,-1,-1
394,12.0,526.2,295.1,237.9,568.2,-1,-1,-1,-1
394,11.0,955.8,321.0,213.3,502.5,-1,-1,-1,-1
394,9.0,1526.9,396.2,81.0,267.3,-1,-1,-1,-1
394,5.0,1746.9,427.3,97.2,222.8,-1,-1,-1,-1
394,3.0,1657.8,413.8,118.8,274.7,-1,-1,-1,-1
394,2.0,1537.7,417.8,102.6,263.2,-1,-1,-1,-1
394,1.0,1694.2,394.2,113.4,268.7,-1,-1,-1,-1
395,14.0,1183.3,451.2,71.6,198.4,-1,-1,-1,-1
395,13.0,1810.4,453.3,70.2,178.9,-1,-1,-1,-1
395,12.0,548.8,299.4,226.1,563.3,-1,-1,-1,-1
395,11.0,938.9,320.1,220.1,503.4,-1,-1,-1,-1
395,5.0,1749.6,429.0,97.2,219.4,-1,-1,-1,-1
395,3.0,1664.6,411.8,113.4,276.1,-1,-1,-1,-1
395,2.0,1541.7,415.8,105.3,265.9,-1,-1,-1,-1
395,1.0,1699.7,393.2,110.7,259.9,-1,-1,-1,-1
396,14.0,1184.6,450.9,85.1,198.5,-1,-1,-1,-1
396,13.0,1811.7,451.6,70.2,180.2,-1,-1,-1,-1
396,12.0,561.9,301.2,222.4,561.4,-1,-1,-1,-1
396,11.0,938.9,319.3,214.7,509.0,-1,-1,-1,-1
396,5.0,1749.6,429.0,99.9,220.0,-1,-1,-1,-1
396,3.0,1668.6,412.1,113.4,274.0,-1,-1,-1,-1
396,2.0,1543.1,416.8,108.0,265.3,-1,-1,-1,-1
396,1.0,1703.7,393.2,108.0,262.6,-1,-1,-1,-1
397,14.0,1187.3,452.6,91.8,197.1,-1,-1,-1,-1
397,13.0,1815.8,447.9,67.5,184.9,-1,-1,-1,-1
397,12.0,584.6,307.6,218.7,552.3,-1,-1,-1,-1
397,11.0,912.6,318.1,232.2,512.2,-1,-1,-1,-1
397,5.0,1756.4,431.0,97.2,216.7,-1,-1,-1,-1
397,3.0,1674.0,410.4,116.1,273.4,-1,-1,-1,-1
397,2.0,1548.5,417.5,105.3,263.3,-1,-1,-1,-1
397,1.0,1709.1,392.5,102.6,274.0,-1,-1,-1,-1
398,14.0,1187.3,452.9,93.2,197.1,-1,-1,-1,-1
398,13.0,1815.8,443.8,70.2,189.0,-1,-1,-1,-1
398,12.0,591.3,313.5,238.9,543.7,-1,-1,-1,-1
398,11.0,912.6,318.9,225.5,515.4,-1,-1,-1,-1
398,5.0,1760.4,432.7,97.2,211.9,-1,-1,-1,-1
398,3.0,1676.7,409.7,116.1,272.7,-1,-1,-1,-1
398,2.0,1552.5,418.8,105.3,260.5,-1,-1,-1,-1
398,1.0,1711.8,393.5,99.9,271.3,-1,-1,-1,-1
399,14.0,1188.0,453.3,90.5,196.4,-1,-1,-1,-1
399,13.0,1815.8,442.5,72.9,189.7,-1,-1,-1,-1
399,12.0,594.0,316.1,257.9,541.2,-1,-1,-1,-1
399,11.0,907.9,320.0,222.8,517.0,-1,-1,-1,-1
399,9.0,1547.1,402.0,81.0,263.9,-1,-1,-1,-1
399,5.0,1763.1,433.4,97.2,209.3,-1,-1,-1,-1
399,3.0,1678.1,409.1,118.8,274.1,-1,-1,-1,-1
399,2.0,1556.6,420.5,102.6,257.8,-1,-1,-1,-1
399,1.0,1717.2,393.5,99.9,272.7,-1,-1,-1,-1
400,14.0,1188.0,453.3,91.8,195.8,-1,-1,-1,-1
400,13.0,1818.5,442.5,72.9,189.7,-1,-1,-1,-1
400,12.0,598.4,321.0,262.9,532.2,-1,-1,-1,-1
400,11.0,907.9,322.0,214.7,519.1,-1,-1,-1,-1
400,9.0,1552.5,403.0,81.0,267.3,-1,-1,-1,-1
400,5.0,1760.4,432.3,102.6,213.3,-1,-1,-1,-1
400,3.0,1682.1,409.1,121.5,273.4,-1,-1,-1,-1
400,2.0,1562.0,420.5,102.6,257.2,-1,-1,-1,-1
400,1.0,1725.3,395.6,102.6,268.6,-1,-1,-1,-1
401,14.0,1188.7,452.9,91.8,196.4,-1,-1,-1,-1
401,13.0,1815.8,440.1,78.3,191.7,-1,-1,-1,-1
401,12.0,600.8,325.2,261.9,526.0,-1,-1,-1,-1
401,11.0,901.1,321.1,218.7,524.0,-1,-1,-1,-1
401,9.0,1555.2,403.0,83.7,263.3,-1,-1,-1,-1
401,5.0,1760.4,417.2,108.0,234.2,-1,-1,-1,-1
401,3.0,1684.8,409.4,124.2,272.7,-1,-1,-1,-1
401,2.0,1564.7,419.9,99.9,254.5,-1,-1,-1,-1
401,1.0,1726.7,396.9,110.7,266.0,-1,-1,-1,-1
402,14.0,1196.8,451.2,85.1,197.1,-1,-1,-1,-1
402,13.0,1815.8,442.1,81.0,189.7,-1,-1,-1,-1
402,12.0,611.6,326.9,257.8,522.3,-1,-1,-1,-1
402,11.0,877.5,318.4,237.6,531.4,-1,-1,-1,-1
402,9.0,1557.9,404.7,81.0,256.5,-1,-1,-1,-1
402,3.0,1687.5,411.4,126.9,270.7,-1,-1,-1,-1
402,2.0,1566.0,420.2,99.9,252.5,-1,-1,-1,-1
402,1.0,1729.4,397.6,140.4,263.2,-1,-1,-1,-1
403,14.0,1200.8,450.2,82.3,197.8,-1,-1,-1,-1
403,13.0,1822.5,447.5,72.9,184.3,-1,-1,-1,-1
403,12.0,624.4,327.9,245.7,517.9,-1,-1,-1,-1
403,11.0,870.1,315.1,240.3,535.4,-1,-1,-1,-1
403,9.0,1560.6,404.7,81.0,252.5,-1,-1,-1,-1
403,3.0,1688.9,413.8,129.6,268.7,-1,-1,-1,-1
403,2.0,1568.7,419.2,97.2,253.8,-1,-1,-1,-1
403,1.0,1729.4,399.3,143.1,261.2,-1,-1,-1,-1
404,14.0,1206.2,449.9,76.9,197.8,-1,-1,-1,-1
404,13.0,1826.6,448.9,70.2,182.2,-1,-1,-1,-1
404,12.0,641.9,326.0,234.9,513.0,-1,-1,-1,-1
404,11.0,868.1,312.0,230.8,537.8,-1,-1,-1,-1
404,9.0,1566.0,402.6,78.3,257.9,-1,-1,-1,-1
404,3.0,1691.6,415.1,129.6,267.3,-1,-1,-1,-1
404,2.0,1574.1,418.8,91.8,255.2,-1,-1,-1,-1
404,1.0,1738.8,398.9,135.0,262.6,-1,-1,-1,-1
405,14.0,1215.7,449.2,67.5,197.8,-1,-1,-1,-1
405,13.0,1826.6,446.5,72.9,184.3,-1,-1,-1,-1
405,12.0,674.3,323.7,217.4,503.9,-1,-1,-1,-1
405,11.0,860.0,305.8,220.0,544.0,-1,-1,-1,-1
405,9.0,1568.7,402.6,81.0,249.8,-1,-1,-1,-1
405,3.0,1694.2,416.1,129.6,265.3,-1,-1,-1,-1
405,2.0,1582.2,418.8,86.4,253.8,-1,-1,-1,-1
405,1.0,1746.9,399.6,137.7,261.2,-1,-1,-1,-1
406,14.0,1222.4,449.6,62.1,197.8,-1,-1,-1,-1
406,13.0,1827.9,451.6,70.2,177.5,-1,-1,-1,-1
406,12.0,701.3,324.5,178.2,501.0,-1,-1,-1,-1
406,11.0,851.9,301.2,221.4,550.6,-1,-1,-1,-1
406,9.0,1571.4,401.6,81.0,261.9,-1,-1,-1,-1
406,3.0,1699.7,415.5,129.6,266.6,-1,-1,-1,-1
406,2.0,1583.6,419.2,89.1,253.8,-1,-1,-1,-1
406,1.0,1748.2,398.9,135.0,263.3,-1,-1,-1,-1
407,14.0,1227.8,448.2,60.8,199.1,-1,-1,-1,-1
407,13.0,1833.3,451.2,67.5,177.5,-1,-1,-1,-1
407,12.0,727.0,324.7,162.0,498.1,-1,-1,-1,-1
407,11.0,843.1,299.5,222.8,553.7,-1,-1,-1,-1
407,9.0,1576.8,401.0,81.0,259.2,-1,-1,-1,-1
407,3.0,1705.1,415.8,126.9,264.6,-1,-1,-1,-1
407,2.0,1589.0,417.8,99.9,255.2,-1,-1,-1,-1
407,1.0,1753.7,398.2,126.9,261.9,-1,-1,-1,-1
408,14.0,1229.2,447.5,63.4,200.5,-1,-1,-1,-1
408,13.0,1836.0,449.6,67.5,178.2,-1,-1,-1,-1
408,12.0,735.8,323.8,162.0,499.0,-1,-1,-1,-1
408,11.0,843.1,298.9,217.4,561.1,-1,-1,-1,-1
408,9.0,1579.5,402.0,86.4,263.9,-1,-1,-1,-1
408,3.0,1709.1,415.5,118.8,261.9,-1,-1,-1,-1
408,2.0,1591.7,418.2,102.6,254.5,-1,-1,-1,-1
408,1.0,1757.7,396.9,102.6,263.2,-1,-1,-1,-1
409,14.0,1232.6,447.9,63.4,200.5,-1,-1,-1,-1
409,13.0,1837.4,449.6,67.5,178.9,-1,-1,-1,-1
409,12.0,747.9,325.7,149.8,495.1,-1,-1,-1,-1
409,11.0,831.6,297.0,222.7,569.0,-1,-1,-1,-1
409,9.0,1583.6,403.3,99.9,261.2,-1,-1,-1,-1
409,3.0,1711.8,415.5,118.8,259.9,-1,-1,-1,-1
409,2.0,1597.1,421.2,105.3,250.4,-1,-1,-1,-1
409,1.0,1760.4,396.2,105.3,265.3,-1,-1,-1,-1
410,14.0,1238.6,448.2,72.9,199.8,-1,-1,-1,-1
410,13.0,1840.1,449.6,67.5,180.2,-1,-1,-1,-1
410,12.0,767.5,329.9,153.9,490.2,-1,-1,-1,-1
410,11.0,818.8,297.2,228.2,574.9,-1,-1,-1,-1
410,9.0,1589.0,404.0,99.9,258.5,-1,-1,-1,-1
410,3.0,1714.5,416.5,118.8,257.9,-1,-1,-1,-1
410,2.0,1602.5,422.2,108.0,249.1,-1,-1,-1,-1
410,1.0,1764.5,395.2,113.4,264.6,-1,-1,-1,-1
411,14.0,1240.7,448.2,77.0,199.8,-1,-1,-1,-1
411,13.0,1841.4,449.6,70.2,180.9,-1,-1,-1,-1
411,12.0,777.6,332.3,171.5,485.2,-1,-1,-1,-1
411,11.0,808.7,297.7,232.2,579.1,-1,-1,-1,-1
411,9.0,1591.7,403.3,83.7,259.2,-1,-1,-1,-1
411,3.0,1718.6,416.5,116.1,257.9,-1,-1,-1,-1
411,2.0,1603.8,422.6,105.3,248.4,-1,-1,-1,-1
411,1.0,1768.5,395.2,113.4,263.2,-1,-1,-1,-1
412,14.0,1242.0,447.9,91.8,199.8,-1,-1,-1,-1
412,13.0,1840.1,450.6,78.3,183.6,-1,-1,-1,-1
412,12.0,783.0,337.7,199.8,481.1,-1,-1,-1,-1
412,11.0,793.8,297.0,241.7,582.5,-1,-1,-1,-1
412,9.0,1595.7,405.7,75.6,257.9,-1,-1,-1,-1
412,3.0,1722.6,415.8,113.4,259.2,-1,-1,-1,-1
412,2.0,1607.9,420.9,102.6,250.4,-1,-1,-1,-1
412,1.0,1776.6,395.6,116.1,262.6,-1,-1,-1,-1
413,14.0,1242.7,448.9,97.2,197.8,-1,-1,-1,-1
413,13.0,1845.5,453.3,75.6,176.2,-1,-1,-1,-1
413,12.0,783.7,342.6,202.5,474.2,-1,-1,-1,-1
413,11.0,782.3,297.0,244.4,585.9,-1,-1,-1,-1
413,9.0,1599.8,407.0,78.3,252.5,-1,-1,-1,-1
413,3.0,1726.7,415.8,110.7,258.5,-1,-1,-1,-1
413,2.0,1613.2,420.2,97.2,249.1,-1,-1,-1,-1
413,1.0,1778.0,396.6,116.1,261.9,-1,-1,-1,-1
414,14.0,1242.7,449.6,99.9,196.4,-1,-1,-1,-1
414,13.0,1846.8,449.2,75.6,178.9,-1,-1,-1,-1
414,12.0,774.2,343.7,202.5,475.7,-1,-1,-1,-1
414,11.0,772.2,300.2,249.8,588.1,-1,-1,-1,-1
414,9.0,1605.2,407.7,83.7,252.5,-1,-1,-1,-1
414,3.0,1730.7,416.5,108.0,257.2,-1,-1,-1,-1
414,2.0,1618.7,419.9,94.5,247.7,-1,-1,-1,-1
414,1.0,1780.7,397.9,116.1,261.2,-1,-1,-1,-1
415,14.0,1245.4,450.6,101.2,195.8,-1,-1,-1,-1
415,13.0,1841.4,435.4,86.4,193.1,-1,-1,-1,-1
415,11.0,757.4,291.3,255.2,602.4,-1,-1,-1,-1
415,9.0,1610.6,407.7,81.0,253.8,-1,-1,-1,-1
415,3.0,1733.4,417.5,113.4,256.5,-1,-1,-1,-1
415,2.0,1624.1,417.5,97.2,248.4,-1,-1,-1,-1
415,1.0,1783.4,399.6,121.5,255.8,-1,-1,-1,-1
416,14.0,1244.0,449.6,104.0,197.8,-1,-1,-1,-1
416,13.0,1842.8,436.7,83.7,191.0,-1,-1,-1,-1
416,11.0,749.2,286.4,267.3,610.7,-1,-1,-1,-1
416,9.0,1613.2,409.1,78.3,252.4,-1,-1,-1,-1
416,3.0,1736.1,419.9,113.4,253.8,-1,-1,-1,-1
416,2.0,1633.5,417.2,94.5,249.1,-1,-1,-1,-1
416,1.0,1786.1,401.6,118.8,251.8,-1,-1,-1,-1
417,14.0,1250.1,448.9,99.9,199.1,-1,-1,-1,-1
417,13.0,1856.2,451.9,70.2,174.1,-1,-1,-1,-1
417,11.0,733.7,282.7,263.2,610.4,-1,-1,-1,-1
417,9.0,1618.7,406.7,91.8,257.2,-1,-1,-1,-1
417,3.0,1740.2,421.5,110.7,251.1,-1,-1,-1,-1
417,2.0,1638.9,417.8,99.9,245.7,-1,-1,-1,-1
417,1.0,1794.2,402.0,113.4,251.1,-1,-1,-1,-1
418,14.0,1250.8,447.5,99.9,201.2,-1,-1,-1,-1
418,13.0,1859.0,451.2,67.5,172.1,-1,-1,-1,-1
418,11.0,723.6,276.9,260.5,616.8,-1,-1,-1,-1
418,9.0,1621.4,406.0,89.1,258.5,-1,-1,-1,-1
418,3.0,1741.5,419.9,110.7,252.5,-1,-1,-1,-1
418,2.0,1640.2,418.2,102.6,245.0,-1,-1,-1,-1
418,1.0,1796.9,400.6,113.4,253.1,-1,-1,-1,-1
419,14.0,1254.8,447.5,95.8,200.5,-1,-1,-1,-1
419,13.0,1865.7,449.9,59.4,172.8,-1,-1,-1,-1
419,12.0,857.2,342.6,197.1,449.9,-1,-1,-1,-1
419,11.0,722.2,275.7,252.5,619.3,-1,-1,-1,-1
419,9.0,1625.4,405.0,86.4,250.4,-1,-1,-1,-1
419,3.0,1746.9,419.9,110.7,252.5,-1,-1,-1,-1
419,2.0,1638.9,418.2,113.4,245.7,-1,-1,-1,-1
419,1.0,1798.2,401.0,110.7,252.5,-1,-1,-1,-1
420,14.0,1265.0,447.2,86.4,201.2,-1,-1,-1,-1
420,13.0,1869.8,451.2,56.7,172.1,-1,-1,-1,-1
420,12.0,883.6,340.7,180.9,449.0,-1,-1,-1,-1
420,11.0,713.5,273.9,248.4,619.8,-1,-1,-1,-1
420,9.0,1633.5,402.0,89.1,259.2,-1,-1,-1,-1
420,3.0,1751.0,419.9,110.7,248.4,-1,-1,-1,-1
420,2.0,1649.7,420.2,108.0,245.0,-1,-1,-1,-1
420,1.0,1802.2,400.3,108.0,253.1,-1,-1,-1,-1
421,14.0,1273.7,446.5,78.3,201.2,-1,-1,-1,-1
421,13.0,1871.1,451.6,56.7,171.5,-1,-1,-1,-1
421,12.0,889.7,340.9,180.9,450.2,-1,-1,-1,-1
421,11.0,709.4,270.5,244.3,627.2,-1,-1,-1,-1
421,9.0,1634.9,401.6,91.8,257.2,-1,-1,-1,-1
421,3.0,1756.4,419.5,110.7,248.4,-1,-1,-1,-1
421,2.0,1655.1,420.9,108.0,245.0,-1,-1,-1,-1
421,1.0,1807.7,399.3,105.3,253.8,-1,-1,-1,-1
422,14.0,1283.9,446.2,68.8,202.5,-1,-1,-1,-1
422,13.0,1871.1,448.2,56.7,175.5,-1,-1,-1,-1
422,12.0,900.5,342.7,178.2,446.3,-1,-1,-1,-1
422,11.0,684.8,271.9,254.8,633.3,-1,-1,-1,-1
422,9.0,1638.9,402.3,86.4,255.1,-1,-1,-1,-1
422,3.0,1767.2,417.5,108.0,249.1,-1,-1,-1,-1
422,2.0,1660.5,422.9,105.3,243.7,-1,-1,-1,-1
422,1.0,1813.1,398.9,97.2,252.4,-1,-1,-1,-1
423,14.0,1290.6,445.2,64.8,203.2,-1,-1,-1,-1
423,12.0,911.9,345.9,172.8,438.4,-1,-1,-1,-1
423,11.0,655.8,271.4,273.0,637.2,-1,-1,-1,-1
423,9.0,1641.6,403.0,86.4,257.9,-1,-1,-1,-1
423,5.0,1752.3,423.2,81.0,214.0,-1,-1,-1,-1
423,3.0,1771.2,416.5,108.0,250.4,-1,-1,-1,-1
423,2.0,1661.9,424.6,102.6,241.7,-1,-1,-1,-1
423,1.0,1814.4,398.2,97.2,252.5,-1,-1,-1,-1
424,14.0,1295.3,445.2,63.4,203.2,-1,-1,-1,-1
424,12.0,917.3,348.3,175.5,438.1,-1,-1,-1,-1
424,11.0,641.2,272.7,283.5,639.9,-1,-1,-1,-1
424,9.0,1641.6,403.0,91.8,255.1,-1,-1,-1,-1
424,5.0,1753.7,423.9,78.3,212.0,-1,-1,-1,-1
424,3.0,1773.9,416.5,108.0,249.8,-1,-1,-1,-1
424,2.0,1667.2,424.6,99.9,241.7,-1,-1,-1,-1
424,1.0,1818.5,398.6,91.8,253.1,-1,-1,-1,-1
425,14.0,1298.7,445.8,68.8,202.5,-1,-1,-1,-1
425,12.0,925.4,352.4,189.0,433.4,-1,-1,-1,-1
425,11.0,637.2,273.7,283.5,647.0,-1,-1,-1,-1
425,9.0,1647.0,406.0,86.4,250.4,-1,-1,-1,-1
425,5.0,1755.0,425.6,78.3,209.9,-1,-1,-1,-1
425,3.0,1776.6,418.5,110.7,248.4,-1,-1,-1,-1
425,2.0,1674.0,424.9,94.5,239.0,-1,-1,-1,-1
425,1.0,1822.5,397.9,91.8,254.5,-1,-1,-1,-1
426,14.0,1303.4,446.2,68.8,202.5,-1,-1,-1,-1
426,12.0,928.8,356.4,193.1,426.6,-1,-1,-1,-1
426,11.0,635.9,271.9,283.5,652.2,-1,-1,-1,-1
426,9.0,1651.1,406.7,81.0,250.4,-1,-1,-1,-1
426,5.0,1755.0,426.6,81.0,210.6,-1,-1,-1,-1
426,3.0,1778.0,419.5,116.1,248.4,-1,-1,-1,-1
426,2.0,1676.7,424.6,94.5,236.9,-1,-1,-1,-1
426,1.0,1825.2,397.6,89.1,253.8,-1,-1,-1,-1
427,14.0,1306.1,446.5,77.6,201.2,-1,-1,-1,-1
427,12.0,932.2,359.1,189.0,423.2,-1,-1,-1,-1
427,11.0,630.1,268.6,283.8,662.9,-1,-1,-1,-1
427,9.0,1652.4,406.7,83.7,251.8,-1,-1,-1,-1
427,5.0,1759.1,428.0,78.3,208.6,-1,-1,-1,-1
427,3.0,1782.0,419.9,113.4,247.7,-1,-1,-1,-1
427,2.0,1680.8,423.2,89.1,238.3,-1,-1,-1,-1
427,1.0,1826.6,398.2,94.5,251.8,-1,-1,-1,-1
428,15.0,1145.5,472.5,62.1,172.8,-1,-1,-1,-1
428,14.0,1309.5,445.5,85.1,202.5,-1,-1,-1,-1
428,12.0,936.9,361.5,190.3,421.5,-1,-1,-1,-1
428,11.0,611.6,265.1,291.6,669.1,-1,-1,-1,-1
428,9.0,1659.2,409.4,83.7,247.7,-1,-1,-1,-1
428,5.0,1760.4,430.0,78.3,206.6,-1,-1,-1,-1
428,3.0,1786.1,421.5,113.4,245.0,-1,-1,-1,-1
428,2.0,1684.8,421.5,86.4,238.3,-1,-1,-1,-1
428,1.0,1833.3,400.6,91.8,245.7,-1,-1,-1,-1
429,15.0,1152.2,472.8,59.4,171.5,-1,-1,-1,-1
429,14.0,1311.5,445.2,87.1,203.2,-1,-1,-1,-1
429,12.0,945.0,361.1,186.3,419.2,-1,-1,-1,-1
429,11.0,600.8,262.4,291.6,670.4,-1,-1,-1,-1
429,9.0,1660.5,410.4,86.4,245.7,-1,-1,-1,-1
429,5.0,1761.8,431.3,78.3,205.2,-1,-1,-1,-1
429,3.0,1786.1,423.2,116.1,243.0,-1,-1,-1,-1
429,2.0,1687.5,421.5,86.4,238.3,-1,-1,-1,-1
429,1.0,1837.4,403.3,89.1,243.7,-1,-1,-1,-1
430,15.0,1154.9,473.2,67.5,171.4,-1,-1,-1,-1
430,14.0,1311.5,447.9,93.8,200.5,-1,-1,-1,-1
430,12.0,960.5,360.5,182.2,413.1,-1,-1,-1,-1
430,11.0,578.5,256.2,278.1,679.4,-1,-1,-1,-1
430,9.0,1663.2,409.7,86.4,247.7,-1,-1,-1,-1
430,5.0,1763.1,431.3,78.3,204.5,-1,-1,-1,-1
430,3.0,1790.1,422.6,116.1,243.7,-1,-1,-1,-1
430,2.0,1690.2,421.2,91.8,236.9,-1,-1,-1,-1
430,1.0,1841.4,404.3,89.1,241.7,-1,-1,-1,-1
431,15.0,1156.3,473.5,71.6,171.5,-1,-1,-1,-1
431,14.0,1312.2,448.9,94.5,199.8,-1,-1,-1,-1
431,12.0,974.7,359.1,175.5,407.7,-1,-1,-1,-1
431,11.0,554.9,251.4,283.5,685.5,-1,-1,-1,-1
431,9.0,1667.2,410.1,83.7,245.0,-1,-1,-1,-1
431,5.0,1763.1,431.0,78.3,205.2,-1,-1,-1,-1
431,3.0,1792.8,422.9,113.4,243.0,-1,-1,-1,-1
431,2.0,1692.9,423.2,97.2,234.9,-1,-1,-1,-1
431,1.0,1842.8,404.3,86.4,241.7,-1,-1,-1,-1
432,15.0,1159.7,474.2,72.9,170.1,-1,-1,-1,-1
432,14.0,1312.2,448.5,95.8,201.1,-1,-1,-1,-1
432,12.0,986.9,358.4,168.8,407.0,-1,-1,-1,-1
432,11.0,544.7,247.1,283.5,689.2,-1,-1,-1,-1
432,9.0,1668.6,408.4,83.7,248.4,-1,-1,-1,-1
432,5.0,1764.5,430.0,78.3,206.6,-1,-1,-1,-1
432,3.0,1795.5,423.6,113.4,239.0,-1,-1,-1,-1
432,2.0,1695.6,425.6,105.3,232.9,-1,-1,-1,-1
432,1.0,1848.2,403.3,83.7,243.0,-1,-1,-1,-1
433,15.0,1164.4,474.5,75.6,169.4,-1,-1,-1,-1
433,14.0,1319.0,447.9,90.4,201.8,-1,-1,-1,-1
433,12.0,998.3,357.1,168.8,406.4,-1,-1,-1,-1
433,11.0,537.3,242.7,278.8,707.7,-1,-1,-1,-1
433,9.0,1671.3,408.0,83.7,239.0,-1,-1,-1,-1
433,5.0,1768.5,430.0,75.6,204.5,-1,-1,-1,-1
433,3.0,1802.2,422.6,108.0,238.9,-1,-1,-1,-1
433,2.0,1702.4,425.9,102.6,231.5,-1,-1,-1,-1
433,1.0,1850.9,401.6,83.7,246.4,-1,-1,-1,-1
434,15.0,1165.7,473.9,79.6,170.1,-1,-1,-1,-1
434,14.0,1326.4,447.9,84.4,201.8,-1,-1,-1,-1
434,12.0,1005.1,357.1,170.1,406.4,-1,-1,-1,-1
434,11.0,525.5,239.6,280.5,720.9,-1,-1,-1,-1
434,9.0,1675.4,407.7,81.0,235.6,-1,-1,-1,-1
434,5.0,1771.2,429.3,72.9,204.5,-1,-1,-1,-1
434,3.0,1806.3,420.5,105.3,240.3,-1,-1,-1,-1
434,2.0,1706.4,426.6,99.9,231.5,-1,-1,-1,-1
434,1.0,1854.9,402.0,83.7,245.0,-1,-1,-1,-1
435,15.0,1171.8,473.2,74.2,170.8,-1,-1,-1,-1
435,14.0,1333.8,447.5,75.6,201.2,-1,-1,-1,-1
435,12.0,1016.6,358.4,170.1,404.3,-1,-1,-1,-1
435,11.0,503.2,241.7,289.9,727.7,-1,-1,-1,-1
435,9.0,1678.1,406.7,83.7,241.0,-1,-1,-1,-1
435,5.0,1776.6,427.3,70.2,205.2,-1,-1,-1,-1
435,3.0,1811.7,420.2,102.6,240.3,-1,-1,-1,-1
435,2.0,1713.2,427.6,94.5,230.2,-1,-1,-1,-1
435,1.0,1857.6,401.3,83.7,263.9,-1,-1,-1,-1
436,15.0,1174.5,472.2,72.9,172.1,-1,-1,-1,-1
436,14.0,1339.9,447.2,70.9,201.2,-1,-1,-1,-1
436,12.0,1025.3,359.4,166.0,403.3,-1,-1,-1,-1
436,11.0,488.0,241.0,294.3,730.4,-1,-1,-1,-1
436,9.0,1680.8,407.4,86.4,245.0,-1,-1,-1,-1
436,5.0,1780.7,426.9,67.5,205.9,-1,-1,-1,-1
436,3.0,1814.4,419.9,99.9,241.6,-1,-1,-1,-1
436,2.0,1717.2,426.3,89.1,230.9,-1,-1,-1,-1
436,1.0,1860.3,402.0,78.3,252.5,-1,-1,-1,-1
437,15.0,1184.0,472.5,63.4,170.8,-1,-1,-1,-1
437,14.0,1348.7,447.2,62.1,201.2,-1,-1,-1,-1
437,12.0,1032.1,360.5,167.4,401.0,-1,-1,-1,-1
437,11.0,470.5,239.6,305.1,737.8,-1,-1,-1,-1
437,9.0,1684.8,408.0,86.4,241.0,-1,-1,-1,-1
437,5.0,1780.7,427.3,70.2,205.2,-1,-1,-1,-1
437,3.0,1815.8,420.2,99.9,240.3,-1,-1,-1,-1
437,2.0,1721.2,425.6,86.4,230.2,-1,-1,-1,-1
437,1.0,1863.0,401.6,75.6,242.3,-1,-1,-1,-1
438,15.0,1194.1,471.5,55.3,172.1,-1,-1,-1,-1
438,14.0,1352.7,447.5,62.1,201.2,-1,-1,-1,-1
438,12.0,1042.2,365.2,167.4,396.2,-1,-1,-1,-1
438,11.0,446.2,239.0,315.9,756.7,-1,-1,-1,-1
438,9.0,1687.5,409.1,89.1,240.3,-1,-1,-1,-1
438,5.0,1780.7,426.6,67.5,205.9,-1,-1,-1,-1
438,3.0,1819.8,421.2,99.9,241.7,-1,-1,-1,-1
438,2.0,1726.7,424.9,81.0,229.5,-1,-1,-1,-1
438,1.0,1865.7,400.6,72.9,263.3,-1,-1,-1,-1
439,15.0,1196.1,469.5,58.0,174.2,-1,-1,-1,-1
439,14.0,1356.8,446.9,62.1,201.8,-1,-1,-1,-1
439,12.0,1050.3,368.6,168.8,390.8,-1,-1,-1,-1
439,11.0,431.7,238.6,318.9,764.4,-1,-1,-1,-1
439,9.0,1691.6,409.7,83.7,240.3,-1,-1,-1,-1
439,5.0,1787.4,428.0,67.5,203.9,-1,-1,-1,-1
439,3.0,1822.5,423.2,94.5,240.3,-1,-1,-1,-1
439,2.0,1728.0,424.2,81.0,230.2,-1,-1,-1,-1
440,15.0,1200.8,468.1,56.7,177.5,-1,-1,-1,-1
440,14.0,1362.8,446.9,64.1,201.8,-1,-1,-1,-1
440,12.0,1059.8,369.6,171.5,389.1,-1,-1,-1,-1
440,11.0,411.1,231.5,322.7,773.6,-1,-1,-1,-1
440,9.0,1695.6,412.4,83.7,238.3,-1,-1,-1,-1
440,5.0,1788.8,429.3,75.6,202.5,-1,-1,-1,-1
440,3.0,1825.2,423.2,91.8,238.3,-1,-1,-1,-1
440,2.0,1733.4,422.9,83.7,231.5,-1,-1,-1,-1
441,15.0,1204.9,467.8,56.7,176.2,-1,-1,-1,-1
441,14.0,1365.5,447.5,70.9,201.2,-1,-1,-1,-1
441,12.0,1063.8,369.6,175.5,389.1,-1,-1,-1,-1
441,11.0,394.5,228.2,327.7,776.3,-1,-1,-1,-1
441,9.0,1697.0,414.5,83.7,236.2,-1,-1,-1,-1
441,5.0,1792.8,430.7,75.6,199.8,-1,-1,-1,-1
441,3.0,1830.6,424.2,83.7,236.9,-1,-1,-1,-1
441,2.0,1734.8,423.2,89.1,230.2,-1,-1,-1,-1
442,15.0,1208.9,467.4,62.1,176.2,-1,-1,-1,-1
442,14.0,1366.9,447.9,80.3,201.8,-1,-1,-1,-1
442,12.0,1069.9,369.6,178.2,387.8,-1,-1,-1,-1
442,11.0,384.8,220.4,323.3,784.0,-1,-1,-1,-1
442,9.0,1701.0,414.8,89.1,236.9,-1,-1,-1,-1
442,5.0,1795.5,432.0,75.6,201.2,-1,-1,-1,-1
442,3.0,1830.6,425.9,78.3,235.6,-1,-1,-1,-1
442,2.0,1738.8,423.9,89.1,229.5,-1,-1,-1,-1
442,1.0,1861.7,384.1,89.1,296.3,-1,-1,-1,-1
443,16.0,-126.1,266.6,388.0,675.7,-1,-1,-1,-1
443,15.0,1209.6,467.4,74.2,175.5,-1,-1,-1,-1
443,14.0,1370.2,447.5,89.1,201.2,-1,-1,-1,-1
443,12.0,1084.7,370.6,174.2,385.4,-1,-1,-1,-1
443,11.0,367.2,213.6,323.3,793.5,-1,-1,-1,-1
443,9.0,1705.1,414.8,81.0,236.3,-1,-1,-1,-1
443,5.0,1798.2,433.4,70.2,197.8,-1,-1,-1,-1
443,3.0,1834.7,426.9,75.6,231.5,-1,-1,-1,-1
443,2.0,1742.9,424.2,91.8,229.5,-1,-1,-1,-1
443,1.0,1856.2,382.7,91.8,298.4,-1,-1,-1,-1
444,16.0,-119.1,271.2,393.5,666.4,-1,-1,-1,-1
444,15.0,1211.0,467.1,85.0,177.5,-1,-1,-1,-1
444,14.0,1370.9,448.2,93.8,200.5,-1,-1,-1,-1
444,12.0,1094.2,368.2,172.8,381.0,-1,-1,-1,-1
444,11.0,353.0,207.2,321.3,801.2,-1,-1,-1,-1
444,9.0,1707.8,414.1,78.3,236.3,-1,-1,-1,-1
444,5.0,1798.2,433.7,75.6,201.2,-1,-1,-1,-1
444,2.0,1745.6,424.6,91.8,228.2,-1,-1,-1,-1
444,1.0,1842.8,387.5,99.9,293.6,-1,-1,-1,-1
445,16.0,-103.6,272.4,388.1,660.5,-1,-1,-1,-1
445,15.0,1217.0,468.8,89.1,175.5,-1,-1,-1,-1
445,14.0,1370.2,450.6,97.2,198.5,-1,-1,-1,-1
445,12.0,1105.0,368.2,171.5,375.6,-1,-1,-1,-1
445,11.0,333.8,199.8,320.6,808.7,-1,-1,-1,-1
445,9.0,1713.2,413.1,83.7,236.9,-1,-1,-1,-1
445,5.0,1800.9,433.0,70.2,204.5,-1,-1,-1,-1
445,2.0,1752.3,426.9,89.1,225.5,-1,-1,-1,-1
445,1.0,1829.2,385.4,102.6,296.3,-1,-1,-1,-1
446,16.0,-89.1,273.7,378.3,663.2,-1,-1,-1,-1
446,15.0,1219.7,470.8,86.4,173.5,-1,-1,-1,-1
446,14.0,1370.9,450.6,99.2,198.5,-1,-1,-1,-1
446,12.0,1113.8,365.9,168.8,378.0,-1,-1,-1,-1
446,11.0,321.1,197.8,321.5,813.4,-1,-1,-1,-1
446,9.0,1715.9,411.1,86.4,239.0,-1,-1,-1,-1
446,5.0,1805.0,432.7,64.8,205.9,-1,-1,-1,-1
446,2.0,1756.4,428.6,86.4,222.1,-1,-1,-1,-1
446,1.0,1822.5,385.4,102.6,294.3,-1,-1,-1,-1
447,16.0,-78.8,275.1,368.2,660.5,-1,-1,-1,-1
447,15.0,1223.1,470.1,83.7,173.5,-1,-1,-1,-1
447,14.0,1370.9,451.2,100.6,197.8,-1,-1,-1,-1
447,12.0,1120.5,364.2,166.1,381.0,-1,-1,-1,-1
447,11.0,296.5,195.8,334.6,824.9,-1,-1,-1,-1
447,2.0,1759.1,429.0,83.7,222.1,-1,-1,-1,-1
447,1.0,1807.7,386.1,116.1,292.3,-1,-1,-1,-1
448,16.0,-58.1,275.1,350.0,663.2,-1,-1,-1,-1
448,15.0,1227.8,468.1,82.3,176.2,-1,-1,-1,-1
448,14.0,1375.0,450.2,99.2,199.8,-1,-1,-1,-1
448,13.0,1865.7,377.0,86.4,296.3,-1,-1,-1,-1
448,12.0,1132.7,368.6,163.3,376.6,-1,-1,-1,-1
448,11.0,216.3,196.8,400.3,833.3,-1,-1,-1,-1
448,2.0,1761.8,429.0,86.4,220.0,-1,-1,-1,-1
448,1.0,1778.0,392.2,143.1,290.3,-1,-1,-1,-1
449,16.0,-62.1,275.7,354.0,659.8,-1,-1,-1,-1
449,15.0,1234.6,466.8,76.9,178.2,-1,-1,-1,-1
449,14.0,1376.3,448.5,96.5,201.1,-1,-1,-1,-1
449,13.0,1860.3,378.7,86.4,299.0,-1,-1,-1,-1
449,12.0,1141.4,368.2,157.9,374.3,-1,-1,-1,-1
449,11.0,176.7,194.7,436.9,842.1,-1,-1,-1,-1
449,2.0,1765.8,428.0,83.7,220.0,-1,-1,-1,-1
449,1.0,1767.2,394.9,151.2,286.2,-1,-1,-1,-1
450,16.0,-38.6,275.7,330.5,655.8,-1,-1,-1,-1
450,15.0,1238.0,467.1,72.9,184.3,-1,-1,-1,-1
450,14.0,1386.5,449.2,86.4,201.2,-1,-1,-1,-1
450,13.0,1852.2,379.7,94.5,297.7,-1,-1,-1,-1
450,12.0,1151.6,374.0,155.2,368.5,-1,-1,-1,-1
450,11.0,170.1,198.5,444.8,847.8,-1,-1,-1,-1
450,2.0,1767.2,428.6,81.0,219.4,-1,-1,-1,-1
450,1.0,1760.4,395.6,156.6,285.5,-1,-1,-1,-1
451,16.0,-18.1,274.7,315.2,647.3,-1,-1,-1,-1
451,15.0,1243.4,465.1,66.1,180.9,-1,-1,-1,-1
451,14.0,1390.5,448.2,83.7,201.2,-1,-1,-1,-1
451,13.0,1836.0,381.4,110.7,294.3,-1,-1,-1,-1
451,12.0,1158.3,374.0,166.1,368.5,-1,-1,-1,-1
451,11.0,160.0,191.7,452.9,864.0,-1,-1,-1,-1
451,1.0,1757.7,396.9,156.6,284.8,-1,-1,-1,-1
452,16.0,5.4,276.1,287.9,638.5,-1,-1,-1,-1
452,15.0,1244.7,464.4,68.8,184.3,-1,-1,-1,-1
452,14.0,1400.0,447.5,75.6,201.8,-1,-1,-1,-1
452,13.0,1815.8,382.7,129.6,289.6,-1,-1,-1,-1
452,12.0,1160.3,375.6,174.2,364.2,-1,-1,-1,-1
452,11.0,150.4,193.4,457.8,871.8,-1,-1,-1,-1
452,1.0,1755.0,393.9,156.6,288.2,-1,-1,-1,-1
453,16.0,49.1,273.4,246.7,638.6,-1,-1,-1,-1
453,15.0,1254.8,463.1,70.2,182.3,-1,-1,-1,-1
453,14.0,1412.1,446.5,64.8,202.5,-1,-1,-1,-1
453,13.0,1814.4,385.8,129.6,288.9,-1,-1,-1,-1
453,12.0,1163.0,382.7,175.5,357.1,-1,-1,-1,-1
453,11.0,145.3,182.9,440.6,897.1,-1,-1,-1,-1
453,1.0,1755.0,394.9,143.1,284.9,-1,-1,-1,-1
454,16.0,70.4,275.1,224.8,638.9,-1,-1,-1,-1
454,15.0,1257.5,463.4,72.9,185.6,-1,-1,-1,-1
454,14.0,1417.5,447.9,62.1,201.8,-1,-1,-1,-1
454,13.0,1806.3,387.5,135.0,286.9,-1,-1,-1,-1
454,12.0,1167.1,383.4,172.8,357.1,-1,-1,-1,-1
454,11.0,131.3,178.9,438.8,902.5,-1,-1,-1,-1
454,1.0,1753.7,396.6,129.6,283.5,-1,-1,-1,-1
455,16.0,103.5,277.6,239.0,635.0,-1,-1,-1,-1
455,14.0,1421.6,446.2,64.8,204.5,-1,-1,-1,-1
455,13.0,1802.2,390.8,140.4,284.2,-1,-1,-1,-1
455,12.0,1176.5,380.7,168.8,357.8,-1,-1,-1,-1
455,11.0,107.2,172.5,411.2,911.6,-1,-1,-1,-1
455,3.0,1875.2,425.2,72.9,237.6,-1,-1,-1,-1
455,1.0,1730.7,395.9,132.3,283.5,-1,-1,-1,-1
456,16.0,94.8,279.8,250.8,632.8,-1,-1,-1,-1
456,14.0,1425.6,446.2,70.2,203.9,-1,-1,-1,-1
456,13.0,1796.9,387.8,140.4,288.9,-1,-1,-1,-1
456,12.0,1189.4,382.7,163.3,353.7,-1,-1,-1,-1
456,11.0,92.1,168.4,379.7,914.3,-1,-1,-1,-1
456,3.0,1875.2,424.2,75.6,245.0,-1,-1,-1,-1
456,1.0,1732.1,396.2,113.4,282.8,-1,-1,-1,-1
457,14.0,1428.3,446.9,75.6,203.2,-1,-1,-1,-1
457,13.0,1795.5,388.8,135.0,287.6,-1,-1,-1,-1
457,12.0,1197.5,378.7,163.3,353.7,-1,-1,-1,-1
457,11.0,58.2,163.0,377.2,919.7,-1,-1,-1,-1
457,3.0,1871.1,424.6,86.4,243.0,-1,-1,-1,-1
457,1.0,1730.7,395.9,99.9,282.8,-1,-1,-1,-1
458,14.0,1431.0,446.9,86.4,203.2,-1,-1,-1,-1
458,13.0,1788.8,388.8,124.2,284.2,-1,-1,-1,-1
458,12.0,1221.8,375.3,152.6,355.7,-1,-1,-1,-1
458,11.0,25.3,148.5,383.4,949.1,-1,-1,-1,-1
458,3.0,1871.1,425.9,81.0,223.4,-1,-1,-1,-1
458,1.0,1722.6,397.9,97.2,280.1,-1,-1,-1,-1
459,14.0,1431.0,447.5,91.8,201.8,-1,-1,-1,-1
459,13.0,1784.7,389.1,118.8,284.9,-1,-1,-1,-1
459,12.0,1232.6,374.0,149.8,356.4,-1,-1,-1,-1
459,11.0,3.4,148.8,395.6,952.8,-1,-1,-1,-1
459,3.0,1875.2,425.2,78.3,224.1,-1,-1,-1,-1
459,1.0,1713.2,397.6,99.9,280.8,-1,-1,-1,-1
460,14.0,1431.0,448.2,97.2,201.8,-1,-1,-1,-1
460,13.0,1772.6,388.1,108.0,284.2,-1,-1,-1,-1
460,12.0,1244.0,372.6,153.2,357.1,-1,-1,-1,-1
460,11.0,-28.4,145.1,405.0,972.0,-1,-1,-1,-1
460,3.0,1876.5,425.2,75.6,226.1,-1,-1,-1,-1
460,1.0,1688.9,398.2,118.8,279.5,-1,-1,-1,-1
461,14.0,1432.4,448.2,97.2,201.8,-1,-1,-1,-1
461,13.0,1765.8,390.2,97.2,284.8,-1,-1,-1,-1
461,12.0,1248.8,374.0,159.3,354.4,-1,-1,-1,-1
461,11.0,-36.1,145.8,388.1,970.0,-1,-1,-1,-1
461,3.0,1880.6,425.2,72.9,224.8,-1,-1,-1,-1
461,1.0,1670.0,398.2,135.0,280.1,-1,-1,-1,-1
462,16.0,150.5,285.9,321.6,607.8,-1,-1,-1,-1
462,14.0,1433.7,448.9,99.9,201.8,-1,-1,-1,-1
462,13.0,1755.0,391.2,91.8,284.2,-1,-1,-1,-1
462,12.0,1254.2,371.2,163.3,357.8,-1,-1,-1,-1
462,11.0,-40.6,145.1,378.4,972.0,-1,-1,-1,-1
462,3.0,1881.9,425.6,72.9,223.4,-1,-1,-1,-1
462,2.0,1815.8,429.0,70.2,216.0,-1,-1,-1,-1
462,1.0,1655.1,402.3,151.2,275.4,-1,-1,-1,-1
463,16.0,177.5,292.1,307.1,604.3,-1,-1,-1,-1
463,14.0,1439.1,447.9,94.5,203.2,-1,-1,-1,-1
463,13.0,1751.0,393.5,94.5,280.8,-1,-1,-1,-1
463,12.0,1262.9,378.7,154.6,347.6,-1,-1,-1,-1
463,11.0,-37.5,145.1,361.9,988.9,-1,-1,-1,-1
463,3.0,1884.6,430.0,72.9,219.4,-1,-1,-1,-1
463,2.0,1815.8,427.3,75.6,218.0,-1,-1,-1,-1
463,1.0,1645.7,406.4,159.3,272.0,-1,-1,-1,-1
464,16.0,184.8,295.5,301.2,604.3,-1,-1,-1,-1
464,14.0,1448.6,448.2,86.4,202.5,-1,-1,-1,-1
464,13.0,1736.1,392.9,108.0,282.8,-1,-1,-1,-1
464,12.0,1270.4,376.7,128.2,351.0,-1,-1,-1,-1
464,11.0,-67.3,141.1,386.4,1000.4,-1,-1,-1,-1
464,3.0,1887.3,430.7,72.9,219.4,-1,-1,-1,-1
464,2.0,1817.1,426.9,75.6,216.0,-1,-1,-1,-1
464,1.0,1641.6,406.7,162.0,270.0,-1,-1,-1,-1
465,16.0,187.7,295.1,301.7,604.6,-1,-1,-1,-1
465,14.0,1458.0,449.6,78.3,199.8,-1,-1,-1,-1
465,13.0,1709.1,394.9,135.0,280.8,-1,-1,-1,-1
465,12.0,1278.5,380.7,132.3,345.6,-1,-1,-1,-1
465,11.0,-105.3,132.6,408.4,1020.3,-1,-1,-1,-1
465,3.0,1892.7,435.7,64.8,213.3,-1,-1,-1,-1
465,2.0,1814.4,427.3,83.7,214.0,-1,-1,-1,-1
465,1.0,1640.2,407.0,162.0,268.7,-1,-1,-1,-1
466,16.0,205.2,291.1,285.5,609.4,-1,-1,-1,-1
466,14.0,1466.1,448.2,70.2,201.2,-1,-1,-1,-1
466,13.0,1697.0,394.2,145.8,282.2,-1,-1,-1,-1
466,12.0,1286.6,382.1,130.9,343.6,-1,-1,-1,-1
466,11.0,-122.7,127.9,401.3,1022.3,-1,-1,-1,-1
466,3.0,1895.4,437.7,62.1,207.9,-1,-1,-1,-1
466,2.0,1815.8,426.6,86.4,214.6,-1,-1,-1,-1
466,1.0,1638.9,407.7,156.6,268.0,-1,-1,-1,-1
467,16.0,231.2,291.8,259.2,604.6,-1,-1,-1,-1
467,14.0,1472.9,446.9,67.5,202.5,-1,-1,-1,-1
467,13.0,1691.6,397.2,151.2,278.8,-1,-1,-1,-1
467,12.0,1290.6,384.1,132.3,340.2,-1,-1,-1,-1
467,11.0,-146.8,114.8,390.5,1053.0,-1,-1,-1,-1
467,9.0,1764.5,417.2,81.0,219.4,-1,-1,-1,-1
467,2.0,1818.5,427.3,89.1,215.3,-1,-1,-1,-1
467,1.0,1637.6,407.7,148.5,268.0,-1,-1,-1,-1
468,16.0,270.3,292.8,220.1,591.5,-1,-1,-1,-1
468,14.0,1471.5,445.5,75.6,203.9,-1,-1,-1,-1
468,13.0,1687.5,397.2,153.9,276.8,-1,-1,-1,-1
468,12.0,1297.4,385.4,129.6,337.5,-1,-1,-1,-1
468,11.0,-177.4,105.3,354.0,1044.9,-1,-1,-1,-1
468,9.0,1765.8,417.8,89.1,219.4,-1,-1,-1,-1
468,2.0,1822.5,428.6,86.4,212.6,-1,-1,-1,-1
468,1.0,1637.6,406.7,129.6,268.7,-1,-1,-1,-1
469,16.0,285.9,293.6,205.9,587.2,-1,-1,-1,-1
469,14.0,1478.2,446.2,75.6,202.5,-1,-1,-1,-1
469,13.0,1684.8,398.9,156.6,275.4,-1,-1,-1,-1
469,12.0,1308.2,383.4,121.5,338.2,-1,-1,-1,-1
469,11.0,-195.1,96.9,350.0,1046.6,-1,-1,-1,-1
469,9.0,1765.8,419.2,91.8,216.7,-1,-1,-1,-1
469,2.0,1823.9,430.0,86.4,211.3,-1,-1,-1,-1
469,1.0,1622.7,406.4,126.9,269.3,-1,-1,-1,-1
470,16.0,303.8,294.0,203.9,587.6,-1,-1,-1,-1
470,14.0,1483.7,447.5,86.4,201.2,-1,-1,-1,-1
470,13.0,1688.9,399.9,148.5,273.4,-1,-1,-1,-1
470,12.0,1319.0,380.7,117.4,336.2,-1,-1,-1,-1
470,9.0,1773.9,418.8,83.7,218.0,-1,-1,-1,-1
470,2.0,1825.2,431.7,89.1,209.9,-1,-1,-1,-1
470,1.0,1624.1,406.4,105.3,270.7,-1,-1,-1,-1
471,17.0,1144.1,461.0,59.4,185.6,-1,-1,-1,-1
471,16.0,311.3,291.4,207.1,588.1,-1,-1,-1,-1
471,14.0,1487.7,445.5,89.1,203.2,-1,-1,-1,-1
471,13.0,1683.5,400.3,143.1,272.7,-1,-1,-1,-1
471,12.0,1324.4,381.0,118.8,333.8,-1,-1,-1,-1
471,9.0,1773.9,418.8,83.7,217.3,-1,-1,-1,-1
471,2.0,1826.6,432.7,83.7,206.6,-1,-1,-1,-1
471,1.0,1621.4,406.4,89.1,269.3,-1,-1,-1,-1
472,17.0,1150.9,458.7,56.7,187.0,-1,-1,-1,-1
472,16.0,320.6,292.1,207.2,583.4,-1,-1,-1,-1
472,15.0,1329.1,417.5,88.4,228.8,-1,-1,-1,-1
472,14.0,1487.7,447.2,97.2,201.2,-1,-1,-1,-1
472,13.0,1680.8,398.6,137.7,274.7,-1,-1,-1,-1
472,12.0,1330.4,379.0,111.4,335.1,-1,-1,-1,-1
472,9.0,1776.6,418.5,81.0,216.7,-1,-1,-1,-1
472,2.0,1830.6,433.4,78.3,207.2,-1,-1,-1,-1
472,1.0,1611.9,407.4,89.1,268.6,-1,-1,-1,-1
473,17.0,1154.2,460.7,62.1,185.6,-1,-1,-1,-1
473,16.0,331.8,294.1,224.8,583.4,-1,-1,-1,-1
473,15.0,1331.1,408.4,90.4,237.6,-1,-1,-1,-1
473,14.0,1490.4,446.5,108.0,201.8,-1,-1,-1,-1
473,13.0,1678.1,397.2,118.8,275.4,-1,-1,-1,-1
473,12.0,1339.9,378.0,118.1,337.5,-1,-1,-1,-1
473,9.0,1779.3,418.2,75.6,220.1,-1,-1,-1,-1
473,5.0,1853.6,437.4,62.1,182.9,-1,-1,-1,-1
473,2.0,1833.3,435.4,78.3,204.5,-1,-1,-1,-1
473,1.0,1603.8,408.4,89.1,266.6,-1,-1,-1,-1
474,17.0,1157.0,458.7,68.8,186.3,-1,-1,-1,-1
474,16.0,341.0,294.3,246.9,582.5,-1,-1,-1,-1
474,15.0,1335.2,422.9,97.2,224.1,-1,-1,-1,-1
474,14.0,1491.8,448.5,110.7,199.8,-1,-1,-1,-1
474,13.0,1674.0,398.2,110.7,273.4,-1,-1,-1,-1
474,12.0,1343.2,378.0,137.7,336.8,-1,-1,-1,-1
474,9.0,1783.4,417.8,72.9,219.4,-1,-1,-1,-1
474,5.0,1857.6,437.4,59.4,180.9,-1,-1,-1,-1
474,2.0,1834.7,436.1,78.3,203.2,-1,-1,-1,-1
474,1.0,1586.2,411.4,102.6,264.6,-1,-1,-1,-1
475,17.0,1158.3,460.4,81.0,185.0,-1,-1,-1,-1
475,16.0,353.7,297.2,268.7,578.3,-1,-1,-1,-1
475,14.0,1493.1,448.9,110.7,201.2,-1,-1,-1,-1
475,13.0,1661.9,398.6,102.6,274.0,-1,-1,-1,-1
475,12.0,1353.4,379.4,124.9,335.5,-1,-1,-1,-1
475,9.0,1786.1,417.2,70.2,220.0,-1,-1,-1,-1
475,5.0,1859.0,436.4,59.4,185.0,-1,-1,-1,-1
475,2.0,1836.0,436.1,78.3,200.5,-1,-1,-1,-1
475,1.0,1566.0,415.1,121.5,261.2,-1,-1,-1,-1
476,17.0,1159.0,461.0,86.4,184.3,-1,-1,-1,-1
476,16.0,361.8,298.9,275.4,576.6,-1,-1,-1,-1
476,14.0,1493.1,448.2,105.3,201.2,-1,-1,-1,-1
476,13.0,1647.0,399.6,99.9,272.7,-1,-1,-1,-1
476,12.0,1359.5,384.8,137.7,328.7,-1,-1,-1,-1
476,9.0,1787.4,416.5,70.2,220.1,-1,-1,-1,-1
476,5.0,1861.7,436.7,59.4,182.9,-1,-1,-1,-1
476,2.0,1836.0,435.7,81.0,201.2,-1,-1,-1,-1
476,1.0,1557.9,417.5,129.6,259.2,-1,-1,-1,-1
477,17.0,1161.0,459.7,87.8,186.3,-1,-1,-1,-1
477,16.0,371.2,300.2,273.4,576.6,-1,-1,-1,-1
477,14.0,1495.8,447.5,108.0,201.8,-1,-1,-1,-1
477,13.0,1636.2,401.3,99.9,272.0,-1,-1,-1,-1
477,12.0,1359.5,385.8,148.5,327.7,-1,-1,-1,-1
477,9.0,1790.1,417.2,67.5,218.7,-1,-1,-1,-1
477,5.0,1863.0,436.4,59.4,183.6,-1,-1,-1,-1
477,2.0,1837.4,434.4,81.0,203.2,-1,-1,-1,-1
477,1.0,1552.5,419.5,135.0,257.2,-1,-1,-1,-1
478,17.0,1163.0,458.7,89.1,188.3,-1,-1,-1,-1
478,16.0,382.4,305.3,266.6,571.6,-1,-1,-1,-1
478,14.0,1501.2,447.2,102.6,201.2,-1,-1,-1,-1
478,13.0,1633.5,402.3,102.6,270.7,-1,-1,-1,-1
478,12.0,1370.2,389.8,143.1,322.3,-1,-1,-1,-1
478,9.0,1790.1,416.5,70.2,219.4,-1,-1,-1,-1
478,5.0,1865.7,434.7,59.4,185.6,-1,-1,-1,-1
478,2.0,1837.4,433.0,81.0,203.9,-1,-1,-1,-1
478,1.0,1547.1,419.9,137.7,256.5,-1,-1,-1,-1
479,17.0,1167.8,458.7,85.1,188.3,-1,-1,-1,-1
479,16.0,387.5,306.1,259.9,568.7,-1,-1,-1,-1
479,14.0,1506.6,446.5,99.9,201.2,-1,-1,-1,-1
479,13.0,1625.4,405.0,110.7,268.7,-1,-1,-1,-1
479,12.0,1373.6,391.2,139.7,320.3,-1,-1,-1,-1
479,9.0,1791.5,417.2,72.9,217.3,-1,-1,-1,-1
479,5.0,1865.7,434.7,59.4,189.0,-1,-1,-1,-1
479,2.0,1837.4,432.7,83.7,204.5,-1,-1,-1,-1
479,1.0,1547.1,420.2,132.3,255.8,-1,-1,-1,-1
480,17.0,1179.2,457.3,74.2,189.7,-1,-1,-1,-1
480,16.0,392.5,306.8,256.5,564.0,-1,-1,-1,-1
480,14.0,1518.8,446.2,89.1,201.8,-1,-1,-1,-1
480,13.0,1609.2,407.0,126.9,265.3,-1,-1,-1,-1
480,12.0,1381.1,392.9,135.0,316.6,-1,-1,-1,-1
480,9.0,1792.8,418.5,75.6,216.0,-1,-1,-1,-1
480,5.0,1863.0,434.7,64.8,192.4,-1,-1,-1,-1
480,2.0,1840.1,433.0,83.7,203.2,-1,-1,-1,-1
480,1.0,1545.8,418.5,118.8,258.5,-1,-1,-1,-1
481,17.0,1188.0,459.0,70.2,187.0,-1,-1,-1,-1
481,16.0,395.9,307.5,255.2,560.6,-1,-1,-1,-1
481,14.0,1525.5,445.8,81.0,198.5,-1,-1,-1,-1
481,13.0,1599.8,407.7,135.0,266.6,-1,-1,-1,-1
481,12.0,1385.1,391.2,132.3,318.9,-1,-1,-1,-1
481,9.0,1792.8,419.9,75.6,214.6,-1,-1,-1,-1
481,5.0,1867.1,434.0,62.1,192.4,-1,-1,-1,-1
481,2.0,1841.4,433.4,83.7,203.9,-1,-1,-1,-1
481,1.0,1547.1,417.8,97.2,256.5,-1,-1,-1,-1
482,17.0,1196.1,457.0,68.8,189.0,-1,-1,-1,-1
482,16.0,401.6,309.2,248.4,556.9,-1,-1,-1,-1
482,13.0,1593.0,409.7,140.4,262.6,-1,-1,-1,-1
482,12.0,1393.2,392.2,121.5,314.6,-1,-1,-1,-1
482,9.0,1788.8,421.2,81.0,212.6,-1,-1,-1,-1
482,5.0,1868.4,436.1,59.4,179.6,-1,-1,-1,-1
482,2.0,1845.5,434.7,81.0,201.8,-1,-1,-1,-1
482,1.0,1541.7,417.8,97.2,255.2,-1,-1,-1,-1
483,17.0,1198.8,455.6,71.6,189.7,-1,-1,-1,-1
483,16.0,411.1,308.6,240.3,552.7,-1,-1,-1,-1
483,13.0,1590.3,412.1,140.4,259.9,-1,-1,-1,-1
483,12.0,1402.7,389.1,113.4,313.5,-1,-1,-1,-1
483,9.0,1790.1,423.2,78.3,209.3,-1,-1,-1,-1
483,2.0,1849.5,435.4,75.6,201.2,-1,-1,-1,-1
484,17.0,1206.9,453.9,67.5,192.4,-1,-1,-1,-1
484,16.0,426.3,308.0,224.1,548.6,-1,-1,-1,-1
484,15.0,1391.9,446.2,81.0,201.8,-1,-1,-1,-1
484,13.0,1586.2,411.1,140.4,260.5,-1,-1,-1,-1
484,12.0,1413.5,388.8,108.0,311.9,-1,-1,-1,-1
484,9.0,1790.1,424.2,81.0,207.2,-1,-1,-1,-1
484,2.0,1848.2,434.7,78.3,201.2,-1,-1,-1,-1
485,17.0,1210.3,455.3,71.6,190.4,-1,-1,-1,-1
485,16.0,446.2,307.6,206.6,540.8,-1,-1,-1,-1
485,15.0,1394.6,452.9,86.4,195.1,-1,-1,-1,-1
485,13.0,1584.9,411.8,126.9,259.9,-1,-1,-1,-1
485,12.0,1418.9,387.1,116.1,314.2,-1,-1,-1,-1
485,11.0,-161.7,226.1,413.1,774.9,-1,-1,-1,-1
485,9.0,1796.9,423.6,75.6,208.6,-1,-1,-1,-1
485,2.0,1849.5,434.7,78.3,199.8,-1,-1,-1,-1
486,17.0,1211.0,456.6,82.3,188.3,-1,-1,-1,-1
486,16.0,457.7,307.0,201.2,537.5,-1,-1,-1,-1
486,15.0,1393.2,457.0,89.1,190.4,-1,-1,-1,-1
486,13.0,1580.9,411.8,113.4,259.2,-1,-1,-1,-1
486,12.0,1425.6,387.8,108.0,312.9,-1,-1,-1,-1
486,11.0,-137.4,227.5,391.9,771.5,-1,-1,-1,-1
486,9.0,1794.2,423.6,81.0,209.2,-1,-1,-1,-1
486,2.0,1853.6,436.4,75.6,198.5,-1,-1,-1,-1
486,1.0,1502.6,415.5,94.5,257.8,-1,-1,-1,-1
487,17.0,1215.0,456.0,90.5,189.0,-1,-1,-1,-1
487,16.0,470.5,307.6,194.4,537.5,-1,-1,-1,-1
487,15.0,1393.2,461.0,94.5,187.7,-1,-1,-1,-1
487,13.0,1579.5,411.8,102.6,258.5,-1,-1,-1,-1
487,12.0,1427.0,387.5,113.4,311.2,-1,-1,-1,-1
487,11.0,-116.4,231.2,372.6,765.1,-1,-1,-1,-1
487,9.0,1798.2,423.2,75.6,208.6,-1,-1,-1,-1
487,2.0,1852.2,435.0,81.0,199.1,-1,-1,-1,-1
487,1.0,1490.4,417.5,105.3,257.2,-1,-1,-1,-1
488,17.0,1219.1,455.6,101.2,189.7,-1,-1,-1,-1
488,16.0,478.6,308.8,194.4,536.3,-1,-1,-1,-1
488,15.0,1400.0,447.5,97.2,201.8,-1,-1,-1,-1
488,13.0,1571.4,411.1,91.8,257.2,-1,-1,-1,-1
488,12.0,1436.4,388.5,110.7,310.8,-1,-1,-1,-1
488,11.0,-106.7,228.5,366.5,762.4,-1,-1,-1,-1
488,9.0,1798.2,422.6,78.3,207.2,-1,-1,-1,-1
488,2.0,1854.9,434.7,78.3,197.1,-1,-1,-1,-1
488,1.0,1482.3,419.9,113.4,259.2,-1,-1,-1,-1
489,17.0,1219.7,456.3,102.6,189.0,-1,-1,-1,-1
489,16.0,486.0,309.7,191.7,535.4,-1,-1,-1,-1
489,15.0,1406.7,444.2,94.5,212.6,-1,-1,-1,-1
489,13.0,1560.6,411.1,86.4,257.9,-1,-1,-1,-1
489,12.0,1440.5,390.8,110.7,308.5,-1,-1,-1,-1
489,11.0,-93.2,222.4,350.0,769.8,-1,-1,-1,-1
489,9.0,1805.0,422.6,72.9,206.6,-1,-1,-1,-1
489,2.0,1856.2,432.7,78.3,198.4,-1,-1,-1,-1
489,1.0,1479.6,422.2,116.1,253.8,-1,-1,-1,-1
490,17.0,1225.1,456.6,98.6,189.7,-1,-1,-1,-1
490,16.0,494.8,310.0,193.0,533.8,-1,-1,-1,-1
490,13.0,1552.5,412.1,86.4,257.8,-1,-1,-1,-1
490,12.0,1445.9,392.9,110.7,307.1,-1,-1,-1,-1
490,11.0,-26.2,224.8,293.3,774.9,-1,-1,-1,-1
490,9.0,1806.3,421.9,72.9,207.2,-1,-1,-1,-1
490,2.0,1857.6,432.3,75.6,199.1,-1,-1,-1,-1
490,1.0,1467.5,421.5,129.6,254.5,-1,-1,-1,-1
491,17.0,1228.5,453.6,97.2,192.4,-1,-1,-1,-1
491,16.0,502.5,311.2,194.1,530.6,-1,-1,-1,-1
491,13.0,1544.4,414.5,94.5,254.5,-1,-1,-1,-1
491,12.0,1452.6,393.5,121.5,305.1,-1,-1,-1,-1
491,11.0,21.5,223.4,256.6,758.0,-1,-1,-1,-1
491,9.0,1810.4,421.5,70.2,207.9,-1,-1,-1,-1
491,2.0,1860.3,432.3,72.9,199.1,-1,-1,-1,-1
492,17.0,1233.2,455.0,93.1,191.0,-1,-1,-1,-1
492,16.0,511.3,314.7,190.0,528.4,-1,-1,-1,-1
492,13.0,1532.2,413.8,105.3,257.8,-1,-1,-1,-1
492,12.0,1458.0,395.2,121.5,301.4,-1,-1,-1,-1
492,11.0,79.3,221.7,221.7,762.4,-1,-1,-1,-1
492,9.0,1809.0,421.9,72.9,207.2,-1,-1,-1,-1
492,2.0,1861.7,432.0,72.9,200.5,-1,-1,-1,-1
493,17.0,1245.4,452.6,82.4,191.7,-1,-1,-1,-1
493,16.0,521.1,316.1,185.6,528.4,-1,-1,-1,-1
493,15.0,1449.9,431.7,91.8,239.6,-1,-1,-1,-1
493,14.0,1576.8,447.9,72.9,197.1,-1,-1,-1,-1
493,13.0,1517.4,417.2,118.8,252.5,-1,-1,-1,-1
493,12.0,1463.4,396.2,113.4,304.4,-1,-1,-1,-1
493,11.0,119.4,222.4,220.1,756.3,-1,-1,-1,-1
493,9.0,1811.7,421.9,75.6,206.6,-1,-1,-1,-1
493,2.0,1864.4,433.0,70.2,199.1,-1,-1,-1,-1
494,17.0,1256.9,452.9,72.9,191.7,-1,-1,-1,-1
494,16.0,527.9,318.8,191.0,524.3,-1,-1,-1,-1
494,15.0,1451.2,424.6,89.1,247.7,-1,-1,-1,-1
494,14.0,1578.2,448.5,72.9,199.1,-1,-1,-1,-1
494,13.0,1503.9,416.8,129.6,254.5,-1,-1,-1,-1
494,12.0,1467.5,396.6,108.0,302.7,-1,-1,-1,-1
494,11.0,113.8,222.8,277.7,749.3,-1,-1,-1,-1
494,9.0,1813.1,422.9,75.6,205.9,-1,-1,-1,-1
494,2.0,1863.0,433.7,72.9,198.5,-1,-1,-1,-1
495,17.0,1267.7,451.6,67.5,192.4,-1,-1,-1,-1
495,16.0,539.0,322.5,195.4,519.9,-1,-1,-1,-1
495,14.0,1582.2,446.5,72.9,200.5,-1,-1,-1,-1
495,13.0,1491.8,414.1,143.1,253.8,-1,-1,-1,-1
495,12.0,1472.9,394.2,108.0,300.4,-1,-1,-1,-1
495,11.0,117.3,228.8,364.0,754.0,-1,-1,-1,-1
495,9.0,1814.4,423.9,81.0,204.5,-1,-1,-1,-1
495,2.0,1865.7,434.7,70.2,197.1,-1,-1,-1,-1
496,17.0,1275.1,450.6,64.8,193.7,-1,-1,-1,-1
496,16.0,543.4,324.3,198.5,516.7,-1,-1,-1,-1
496,14.0,1584.9,446.2,70.2,199.1,-1,-1,-1,-1
496,13.0,1503.9,415.1,129.6,253.8,-1,-1,-1,-1
496,12.0,1476.9,394.5,102.6,298.0,-1,-1,-1,-1
496,11.0,116.1,235.9,407.4,745.5,-1,-1,-1,-1
496,9.0,1817.1,424.9,75.6,203.2,-1,-1,-1,-1
496,2.0,1864.4,435.7,72.9,195.1,-1,-1,-1,-1
497,17.0,1282.5,451.2,63.5,193.7,-1,-1,-1,-1
497,16.0,552.2,328.4,191.7,512.7,-1,-1,-1,-1
497,14.0,1589.0,445.2,70.2,200.5,-1,-1,-1,-1
497,13.0,1502.6,405.0,126.9,261.9,-1,-1,-1,-1
497,12.0,1482.3,394.2,102.6,298.4,-1,-1,-1,-1
497,11.0,109.2,238.6,438.9,745.5,-1,-1,-1,-1
497,9.0,1819.8,425.6,72.9,202.5,-1,-1,-1,-1
497,2.0,1868.4,436.4,70.2,193.7,-1,-1,-1,-1
497,1.0,1433.7,427.3,86.4,245.7,-1,-1,-1,-1
498,17.0,1289.9,451.6,62.1,193.0,-1,-1,-1,-1
498,16.0,560.9,328.7,189.7,513.0,-1,-1,-1,-1
498,14.0,1594.4,446.5,70.2,198.5,-1,-1,-1,-1
498,12.0,1489.1,392.9,105.3,301.1,-1,-1,-1,-1
498,11.0,115.3,249.4,439.6,730.7,-1,-1,-1,-1
498,9.0,1819.8,426.6,70.2,201.8,-1,-1,-1,-1
498,2.0,1871.1,436.7,67.5,193.1,-1,-1,-1,-1
498,1.0,1431.0,430.0,72.9,241.6,-1,-1,-1,-1
499,17.0,1292.0,452.9,71.5,191.0,-1,-1,-1,-1
499,16.0,566.3,328.2,188.3,512.2,-1,-1,-1,-1
499,14.0,1595.7,447.5,72.9,199.1,-1,-1,-1,-1
499,11.0,142.1,248.4,421.2,719.6,-1,-1,-1,-1
499,9.0,1821.2,426.9,70.2,201.8,-1,-1,-1,-1
499,2.0,1871.1,437.4,67.5,193.0,-1,-1,-1,-1
499,1.0,1422.9,430.7,72.9,241.7,-1,-1,-1,-1
500,17.0,1292.0,452.9,87.8,192.4,-1,-1,-1,-1
500,16.0,578.1,328.4,186.0,508.6,-1,-1,-1,-1
500,14.0,1599.8,447.5,78.3,197.1,-1,-1,-1,-1
500,11.0,135.5,249.1,430.1,718.2,-1,-1,-1,-1
500,9.0,1822.5,426.3,70.2,202.5,-1,-1,-1,-1
500,2.0,1871.1,437.4,70.2,191.0,-1,-1,-1,-1
500,1.0,1405.4,431.7,86.4,240.3,-1,-1,-1,-1
501,17.0,1292.6,453.6,92.5,191.7,-1,-1,-1,-1
501,16.0,588.6,330.1,182.2,504.2,-1,-1,-1,-1
501,14.0,1602.5,446.5,81.0,198.5,-1,-1,-1,-1
501,11.0,170.6,251.1,390.3,705.4,-1,-1,-1,-1
501,9.0,1825.2,425.2,67.5,202.5,-1,-1,-1,-1
501,2.0,1873.8,435.7,70.2,193.0,-1,-1,-1,-1
501,1.0,1393.2,434.4,99.9,237.6,-1,-1,-1,-1
502,17.0,1292.6,453.6,96.5,191.7,-1,-1,-1,-1
502,16.0,597.7,329.7,176.5,497.8,-1,-1,-1,-1
502,15.0,1471.5,418.8,81.0,248.4,-1,-1,-1,-1
502,14.0,1601.1,446.9,89.1,197.8,-1,-1,-1,-1
502,12.0,1508.0,396.6,124.2,294.3,-1,-1,-1,-1
502,11.0,235.6,252.5,324.0,690.5,-1,-1,-1,-1
502,9.0,1826.6,424.9,67.5,202.5,-1,-1,-1,-1
502,2.0,1875.2,435.4,70.2,193.7,-1,-1,-1,-1
502,1.0,1389.2,435.7,102.6,236.9,-1,-1,-1,-1
503,17.0,1295.3,453.9,96.5,192.4,-1,-1,-1,-1
503,16.0,606.2,329.9,176.8,492.2,-1,-1,-1,-1
503,15.0,1462.1,420.5,72.9,247.0,-1,-1,-1,-1
503,14.0,1603.8,442.1,91.8,202.5,-1,-1,-1,-1
503,12.0,1514.7,397.9,140.4,292.3,-1,-1,-1,-1
503,11.0,287.6,246.4,282.1,686.5,-1,-1,-1,-1
503,9.0,1827.9,423.6,67.5,203.2,-1,-1,-1,-1
503,2.0,1875.2,434.0,70.2,195.1,-1,-1,-1,-1
503,1.0,1385.1,436.4,105.3,235.6,-1,-1,-1,-1
504,17.0,1298.7,454.6,98.5,193.1,-1,-1,-1,-1
504,16.0,608.2,327.5,180.9,492.6,-1,-1,-1,-1
504,15.0,1447.2,420.9,86.4,247.1,-1,-1,-1,-1
504,14.0,1609.2,447.2,86.4,195.8,-1,-1,-1,-1
504,12.0,1518.8,397.9,129.6,292.3,-1,-1,-1,-1
504,11.0,332.3,245.4,237.4,683.4,-1,-1,-1,-1
504,9.0,1830.6,423.9,64.8,202.5,-1,-1,-1,-1
504,2.0,1876.5,434.0,70.2,195.1,-1,-1,-1,-1
504,1.0,1382.4,437.4,108.0,234.9,-1,-1,-1,-1
505,17.0,1307.5,453.3,89.8,193.7,-1,-1,-1,-1
505,16.0,617.0,327.5,175.5,492.6,-1,-1,-1,-1
505,15.0,1440.5,422.9,91.8,245.0,-1,-1,-1,-1
505,14.0,1607.9,439.4,86.4,203.2,-1,-1,-1,-1
505,12.0,1524.2,401.3,118.8,287.6,-1,-1,-1,-1
505,11.0,403.3,245.0,196.4,683.8,-1,-1,-1,-1
505,9.0,1830.6,423.9,67.5,201.8,-1,-1,-1,-1
505,2.0,1877.9,434.7,70.2,194.4,-1,-1,-1,-1
505,1.0,1380.4,437.1,104.6,234.2,-1,-1,-1,-1
506,17.0,1314.9,453.3,85.1,193.7,-1,-1,-1,-1
506,16.0,624.7,328.6,170.4,490.2,-1,-1,-1,-1
506,15.0,1433.7,425.2,97.2,243.7,-1,-1,-1,-1
506,14.0,1611.9,445.2,83.7,198.5,-1,-1,-1,-1
506,12.0,1530.9,401.3,108.0,286.9,-1,-1,-1,-1
506,11.0,435.7,247.7,182.9,681.1,-1,-1,-1,-1
506,9.0,1830.6,424.2,67.5,201.1,-1,-1,-1,-1
506,1.0,1378.4,436.7,94.5,230.9,-1,-1,-1,-1
507,17.0,1324.4,453.6,75.6,193.7,-1,-1,-1,-1
507,16.0,630.8,328.2,171.1,489.9,-1,-1,-1,-1
507,15.0,1425.6,427.3,105.3,241.7,-1,-1,-1,-1
507,14.0,1614.6,447.5,81.0,195.8,-1,-1,-1,-1
507,12.0,1533.6,401.6,108.0,284.9,-1,-1,-1,-1
507,11.0,442.8,250.1,199.8,677.4,-1,-1,-1,-1
507,9.0,1833.3,424.2,64.8,201.1,-1,-1,-1,-1
507,1.0,1376.3,435.4,84.4,232.9,-1,-1,-1,-1
508,17.0,1339.2,452.9,62.1,194.4,-1,-1,-1,-1
508,16.0,638.6,328.6,186.3,489.5,-1,-1,-1,-1
508,15.0,1417.5,430.3,113.4,239.0,-1,-1,-1,-1
508,14.0,1620.0,446.9,75.6,195.8,-1,-1,-1,-1
508,12.0,1540.4,401.6,102.6,284.9,-1,-1,-1,-1
508,11.0,442.1,256.2,249.8,672.6,-1,-1,-1,-1
508,9.0,1830.6,425.9,70.2,199.8,-1,-1,-1,-1
508,1.0,1368.2,434.0,83.0,235.6,-1,-1,-1,-1
509,17.0,1345.3,451.6,60.1,197.1,-1,-1,-1,-1
509,16.0,642.9,329.6,198.1,487.9,-1,-1,-1,-1
509,15.0,1409.4,430.3,118.8,239.0,-1,-1,-1,-1
509,14.0,1621.4,446.5,75.6,195.8,-1,-1,-1,-1
509,12.0,1543.1,401.3,99.9,283.5,-1,-1,-1,-1
509,11.0,441.8,260.0,281.8,666.7,-1,-1,-1,-1
509,9.0,1826.6,426.6,75.6,198.5,-1,-1,-1,-1
509,1.0,1362.8,434.4,73.6,234.9,-1,-1,-1,-1
510,16.0,649.4,333.5,213.3,479.2,-1,-1,-1,-1
510,15.0,1404.0,430.7,118.8,238.3,-1,-1,-1,-1
510,14.0,1622.7,446.5,78.3,195.1,-1,-1,-1,-1
510,12.0,1549.8,399.6,94.5,281.5,-1,-1,-1,-1
510,11.0,441.1,270.2,319.6,655.3,-1,-1,-1,-1
510,9.0,1825.2,428.0,78.3,197.1,-1,-1,-1,-1
510,1.0,1356.1,434.0,74.9,232.9,-1,-1,-1,-1
511,16.0,662.9,334.0,207.9,480.8,-1,-1,-1,-1
511,15.0,1402.7,431.0,113.4,237.6,-1,-1,-1,-1
511,14.0,1630.8,446.2,72.9,195.1,-1,-1,-1,-1
511,12.0,1553.9,399.9,91.8,282.2,-1,-1,-1,-1
511,11.0,444.8,276.2,329.4,651.2,-1,-1,-1,-1
511,9.0,1823.9,428.6,83.7,196.4,-1,-1,-1,-1
511,1.0,1352.0,434.4,76.3,232.9,-1,-1,-1,-1
512,16.0,669.9,336.0,204.9,478.1,-1,-1,-1,-1
512,15.0,1401.3,430.7,105.3,237.6,-1,-1,-1,-1
512,14.0,1633.5,446.9,72.9,194.4,-1,-1,-1,-1
512,12.0,1556.6,398.6,89.1,283.5,-1,-1,-1,-1
512,11.0,444.2,278.4,336.2,646.3,-1,-1,-1,-1
512,9.0,1823.9,429.3,81.0,195.8,-1,-1,-1,-1
512,1.0,1343.9,435.7,79.0,230.8,-1,-1,-1,-1
513,16.0,674.3,339.9,201.2,471.5,-1,-1,-1,-1
513,15.0,1398.6,430.0,94.5,236.3,-1,-1,-1,-1
513,14.0,1638.9,446.5,70.2,195.1,-1,-1,-1,-1
513,12.0,1556.6,400.3,91.8,278.1,-1,-1,-1,-1
513,11.0,460.7,277.6,326.4,645.1,-1,-1,-1,-1
513,9.0,1826.6,430.0,81.0,195.8,-1,-1,-1,-1
513,1.0,1325.0,437.4,96.5,228.2,-1,-1,-1,-1
514,16.0,682.1,339.5,190.7,474.5,-1,-1,-1,-1
514,15.0,1395.9,429.6,83.7,235.6,-1,-1,-1,-1
514,14.0,1643.0,445.2,70.2,195.8,-1,-1,-1,-1
514,12.0,1548.5,400.3,102.6,278.8,-1,-1,-1,-1
514,11.0,501.5,279.3,295.7,634.7,-1,-1,-1,-1
514,9.0,1830.6,430.0,75.6,195.1,-1,-1,-1,-1
514,1.0,1313.6,440.1,106.7,225.5,-1,-1,-1,-1
515,16.0,687.2,340.0,185.0,473.3,-1,-1,-1,-1
515,15.0,1369.6,430.0,101.9,234.2,-1,-1,-1,-1
515,14.0,1643.0,445.2,75.6,196.4,-1,-1,-1,-1
515,12.0,1564.7,403.0,91.8,275.4,-1,-1,-1,-1
515,11.0,541.7,276.9,261.6,621.5,-1,-1,-1,-1
515,9.0,1834.7,429.6,70.2,194.4,-1,-1,-1,-1
515,2.0,1877.9,373.6,102.6,309.8,-1,-1,-1,-1
515,1.0,1308.2,442.1,110.7,222.8,-1,-1,-1,-1
516,16.0,686.8,338.7,186.0,467.9,-1,-1,-1,-1
516,15.0,1376.3,429.3,91.1,232.2,-1,-1,-1,-1
516,14.0,1647.0,444.2,70.2,197.8,-1,-1,-1,-1
516,12.0,1571.4,404.3,91.8,276.1,-1,-1,-1,-1
516,11.0,587.2,276.4,226.8,613.2,-1,-1,-1,-1
516,9.0,1840.1,429.3,67.5,193.7,-1,-1,-1,-1
516,2.0,1864.4,374.0,110.7,310.5,-1,-1,-1,-1
516,1.0,1302.8,442.5,114.8,221.4,-1,-1,-1,-1
517,16.0,689.9,339.5,185.0,461.7,-1,-1,-1,-1
517,15.0,1374.3,429.6,83.7,235.6,-1,-1,-1,-1
517,14.0,1649.7,444.5,72.9,196.4,-1,-1,-1,-1
517,12.0,1575.5,406.7,94.5,274.1,-1,-1,-1,-1
517,11.0,622.0,273.7,194.7,607.8,-1,-1,-1,-1
517,9.0,1844.1,429.3,64.8,193.1,-1,-1,-1,-1
517,2.0,1853.6,374.6,116.1,309.8,-1,-1,-1,-1
517,1.0,1301.4,444.5,112.1,220.1,-1,-1,-1,-1
518,16.0,716.2,341.2,157.9,456.6,-1,-1,-1,-1
518,15.0,1368.9,431.3,83.7,235.6,-1,-1,-1,-1
518,14.0,1652.4,445.5,70.2,195.8,-1,-1,-1,-1
518,12.0,1582.2,408.7,91.8,271.3,-1,-1,-1,-1
518,11.0,658.1,274.6,171.5,609.0,-1,-1,-1,-1
518,9.0,1844.1,429.6,64.8,192.4,-1,-1,-1,-1
518,2.0,1846.8,375.0,121.5,310.5,-1,-1,-1,-1
518,1.0,1302.1,446.5,106.0,214.0,-1,-1,-1,-1
519,16.0,716.2,338.0,167.4,460.5,-1,-1,-1,-1
519,15.0,1362.2,431.7,89.1,235.6,-1,-1,-1,-1
519,14.0,1653.8,445.8,70.2,195.8,-1,-1,-1,-1
519,12.0,1583.6,409.1,91.8,270.7,-1,-1,-1,-1
519,11.0,671.6,274.9,164.7,609.4,-1,-1,-1,-1
519,9.0,1844.1,428.0,67.5,195.1,-1,-1,-1,-1
519,2.0,1846.8,374.6,116.1,311.9,-1,-1,-1,-1
519,1.0,1301.4,445.5,98.6,214.0,-1,-1,-1,-1
520,17.0,1408.1,455.0,70.2,197.1,-1,-1,-1,-1
520,16.0,718.9,340.2,174.2,459.0,-1,-1,-1,-1
520,15.0,1349.3,433.4,100.6,233.6,-1,-1,-1,-1
520,14.0,1655.1,445.8,72.9,195.8,-1,-1,-1,-1
520,12.0,1587.6,409.4,89.1,269.3,-1,-1,-1,-1
520,11.0,680.1,274.9,186.0,604.6,-1,-1,-1,-1
520,9.0,1837.4,429.3,75.6,193.7,-1,-1,-1,-1
520,2.0,1836.0,375.3,126.9,311.9,-1,-1,-1,-1
520,1.0,1300.1,442.8,97.2,218.0,-1,-1,-1,-1
521,17.0,1420.2,452.2,64.8,198.5,-1,-1,-1,-1
521,16.0,737.1,341.4,166.0,449.0,-1,-1,-1,-1
521,15.0,1343.2,435.7,105.3,228.2,-1,-1,-1,-1
521,14.0,1656.5,446.2,75.6,194.4,-1,-1,-1,-1
521,12.0,1591.7,408.4,89.1,268.7,-1,-1,-1,-1
521,11.0,684.5,278.6,236.2,600.9,-1,-1,-1,-1
521,9.0,1837.4,430.0,81.0,193.7,-1,-1,-1,-1
521,2.0,1833.3,376.0,132.3,311.9,-1,-1,-1,-1
521,1.0,1298.7,440.4,83.7,220.7,-1,-1,-1,-1
522,17.0,1424.2,452.2,67.5,197.1,-1,-1,-1,-1
522,16.0,748.6,338.7,160.7,436.2,-1,-1,-1,-1
522,15.0,1339.2,437.4,108.0,225.5,-1,-1,-1,-1
522,14.0,1653.8,443.1,78.3,199.1,-1,-1,-1,-1
522,12.0,1593.0,407.0,91.8,268.0,-1,-1,-1,-1
522,11.0,690.2,283.8,256.8,593.7,-1,-1,-1,-1
522,9.0,1833.3,434.4,86.4,189.0,-1,-1,-1,-1
522,2.0,1825.2,375.6,140.4,311.9,-1,-1,-1,-1
522,1.0,1296.0,440.1,79.7,220.1,-1,-1,-1,-1
523,17.0,1432.4,452.9,67.5,197.1,-1,-1,-1,-1
523,16.0,762.1,334.5,147.2,444.5,-1,-1,-1,-1
523,15.0,1337.9,438.8,108.0,224.1,-1,-1,-1,-1
523,14.0,1661.9,446.9,72.9,195.1,-1,-1,-1,-1
523,12.0,1598.4,405.3,91.8,267.3,-1,-1,-1,-1
523,11.0,689.2,293.5,282.1,581.3,-1,-1,-1,-1
523,2.0,1822.5,376.7,140.4,313.9,-1,-1,-1,-1
523,1.0,1290.6,438.1,70.2,222.1,-1,-1,-1,-1
524,17.0,1436.4,453.6,75.6,197.1,-1,-1,-1,-1
524,15.0,1337.2,437.4,107.3,223.4,-1,-1,-1,-1
524,14.0,1661.9,443.5,75.6,199.8,-1,-1,-1,-1
524,12.0,1601.1,402.3,89.1,270.0,-1,-1,-1,-1
524,11.0,684.5,291.6,288.9,582.5,-1,-1,-1,-1
524,2.0,1818.5,376.3,140.4,312.5,-1,-1,-1,-1
524,1.0,1287.2,438.4,66.1,221.4,-1,-1,-1,-1
525,17.0,1435.1,453.6,91.8,198.5,-1,-1,-1,-1
525,15.0,1334.5,436.4,106.0,225.5,-1,-1,-1,-1
525,12.0,1603.8,401.6,91.8,270.7,-1,-1,-1,-1
525,11.0,686.5,297.8,290.2,578.3,-1,-1,-1,-1
525,2.0,1819.8,376.0,137.7,314.6,-1,-1,-1,-1
525,1.0,1282.5,441.1,66.2,218.7,-1,-1,-1,-1
